64         0.5        1                          
29                                       
 0.000000000000000E+00 0.000000000000000E+00 0.000000000000000E+00  1                    
 0.108253175473051E+00 0.108253175473051E+00 0.000000000000000E+00  12                    
 0.216506350946102E+00 0.216506350946102E+00 0.000000000000000E+00  12                    
 0.324759526419153E+00 0.324759526419153E+00 0.000000000000000E+00  12                    
 -0.433012701892204E+00 -0.433012701892204E+00 0.000000000000000E+00  6                    
 0.216506350946102E+00 0.108253175473051E+00 0.108253175473051E+00  24                    
 0.324759526419153E+00 0.216506350946102E+00 0.108253175473051E+00  48                    
 0.433012701892204E+00 0.324759526419153E+00 0.108253175473051E+00  48                    
 0.433012701892204E+00 0.216506350946102E+00 0.216506350946102E+00  24                    
 0.541265877365255E+00 0.324759526419153E+00 0.216506350946102E+00  24                    
 0.216506350946102E+00 0.216506350946102E+00 0.216506350946102E+00  8                    
 0.324759526419153E+00 0.324759526419153E+00 0.216506350946102E+00  24                    
 0.433012701892204E+00 0.433012701892204E+00 0.216506350946102E+00  12                    
 -0.277555756156289E-16 -0.277555756156289E-16 0.216506350946102E+00  6                    
 0.433012701892204E+00 0.324759526419153E+00 0.324759526419153E+00  24                    
 -0.555111512312578E-16 -0.108253175473051E+00 0.324759526419153E+00  24                    
 -0.555111512312578E-16 -0.216506350946102E+00 0.433012701892204E+00  24                    
 0.108253175473051E+00 -0.108253175473051E+00 0.433012701892204E+00  24                    
 -0.866025403784408E+00 -0.324759526419153E+00 -0.324759526419153E+00  12                    
 -0.757772228311357E+00 -0.216506350946102E+00 -0.324759526419153E+00  48                    
 -0.649519052838306E+00 -0.216506350946102E+00 -0.216506350946102E+00  8                    
 0.433012701892204E+00 0.433012701892204E+00 0.433012701892204E+00  2                    
 -0.555111512312578E-16 -0.555111512312578E-16 0.433012701892204E+00  6                    
 -0.111022302462516E-15 -0.108253175473051E+00 0.541265877365255E+00  24                    
 -0.866025403784408E+00 -0.216506350946102E+00 -0.216506350946102E+00  12                    
 -0.757772228311357E+00 -0.108253175473051E+00 -0.216506350946102E+00  24                    
 -0.111022302462516E-15 -0.111022302462516E-15 0.649519052838306E+00  6                    
 -0.866025403784408E+00 -0.108253175473051E+00 -0.108253175473051E+00  12                    
 -0.866025403784407E+00 -0.866025403784407E+00 -0.866025403784408E+00  1                    
 elph_dir/elph.inp_lambda.1                              
 elph_dir/elph.inp_lambda.2                              
 elph_dir/elph.inp_lambda.3                              
 elph_dir/elph.inp_lambda.4                              
 elph_dir/elph.inp_lambda.5                              
 elph_dir/elph.inp_lambda.6                              
 elph_dir/elph.inp_lambda.7                              
 elph_dir/elph.inp_lambda.8                              
 elph_dir/elph.inp_lambda.9                              
 elph_dir/elph.inp_lambda.10                              
 elph_dir/elph.inp_lambda.11                              
 elph_dir/elph.inp_lambda.12                              
 elph_dir/elph.inp_lambda.13                              
 elph_dir/elph.inp_lambda.14                              
 elph_dir/elph.inp_lambda.15                              
 elph_dir/elph.inp_lambda.16                              
 elph_dir/elph.inp_lambda.17                              
 elph_dir/elph.inp_lambda.18                              
 elph_dir/elph.inp_lambda.19                              
 elph_dir/elph.inp_lambda.20                              
 elph_dir/elph.inp_lambda.21                              
 elph_dir/elph.inp_lambda.22                              
 elph_dir/elph.inp_lambda.23                              
 elph_dir/elph.inp_lambda.24                              
 elph_dir/elph.inp_lambda.25                              
 elph_dir/elph.inp_lambda.26                              
 elph_dir/elph.inp_lambda.27                              
 elph_dir/elph.inp_lambda.28                              
 elph_dir/elph.inp_lambda.29                              
0.1                                   
