 E(THz)     0.005     0.010     0.015     0.020     0.025     0.030     0.035     0.040     0.045     0.050
  0.0000  -0.00000  -0.00000  -0.00000  -0.00000  -0.00000  -0.00000  -0.00000  -0.00000  -0.00000  -0.00000
  0.3216  -0.00000  -0.00000  -0.00000  -0.00000  -0.00000  -0.00000  -0.00000  -0.00000  -0.00000  -0.00000
  0.6432  -0.00000  -0.00000  -0.00000  -0.00000  -0.00000  -0.00000  -0.00000  -0.00000  -0.00000  -0.00000
  0.9648  -0.00000  -0.00000  -0.00000  -0.00000  -0.00000  -0.00000  -0.00000  -0.00000  -0.00000  -0.00000
  1.2864  -0.00000  -0.00000  -0.00000  -0.00000  -0.00000  -0.00000  -0.00000  -0.00000  -0.00000  -0.00000
  1.6080  -0.00000  -0.00000  -0.00000  -0.00000  -0.00000  -0.00000  -0.00000  -0.00000  -0.00000  -0.00000
  1.9296  -0.00000  -0.00000  -0.00000  -0.00000  -0.00000  -0.00000  -0.00000  -0.00000  -0.00000  -0.00000
  2.2513  -0.00002  -0.00002  -0.00003  -0.00003  -0.00003  -0.00003  -0.00003  -0.00004  -0.00004  -0.00004
  2.5729  -0.00024  -0.00030  -0.00033  -0.00033  -0.00034  -0.00036  -0.00039  -0.00042  -0.00045  -0.00048
  2.8945  -0.00062  -0.00077  -0.00085  -0.00086  -0.00089  -0.00094  -0.00102  -0.00110  -0.00118  -0.00125
  3.2161   0.00274   0.00343   0.00377   0.00382   0.00394   0.00419   0.00453   0.00490   0.00525   0.00558
  3.5377   0.01046   0.01316   0.01446   0.01467   0.01515   0.01611   0.01742   0.01885   0.02024   0.02149
  3.8593   0.00744   0.00947   0.01036   0.01061   0.01107   0.01189   0.01295   0.01409   0.01518   0.01615
  4.1809   0.00277   0.00178   0.00172   0.00177   0.00188   0.00204   0.00223   0.00243   0.00261   0.00278
  4.5025   0.01687   0.01705   0.01905   0.01799   0.01676   0.01608   0.01592   0.01610   0.01648   0.01696
  4.8241   0.02439   0.03014   0.03471   0.03253   0.02993   0.02839   0.02784   0.02797   0.02851   0.02926
  5.1457   0.00755   0.01033   0.01210   0.01092   0.00960   0.00876   0.00836   0.00826   0.00837   0.00860
  5.4673  -0.00213   0.00087   0.00146   0.00168   0.00183   0.00196   0.00207   0.00215   0.00220   0.00222
  5.7889   0.01160   0.03286   0.04001   0.04234   0.04350   0.04451   0.04558   0.04661   0.04750   0.04815
  6.1106   0.04918   0.07385   0.08666   0.09129   0.09338   0.09492   0.09651   0.09811   0.09963   0.10094
  6.4322   0.08209   0.08231   0.09177   0.09620   0.09812   0.09907   0.09982   0.10061   0.10150   0.10248
  6.7538   0.07408   0.05334   0.05267   0.05280   0.05258   0.05215   0.05170   0.05141   0.05127   0.05131
  7.0754   0.07487   0.07332   0.07630   0.07721   0.07664   0.07550   0.07434   0.07337   0.07259   0.07199
  7.3970   0.13349   0.19435   0.21897   0.22728   0.22865   0.22715   0.22488   0.22269   0.22080   0.21939
  7.7186   0.14665   0.24289   0.27639   0.28539   0.28689   0.28571   0.28376   0.28184   0.28019   0.27913
  8.0402   0.13834   0.19711   0.21836   0.22540   0.22866   0.23024   0.23104   0.23157   0.23209   0.23290
  8.3618   0.18731   0.21819   0.23170   0.24140   0.24882   0.25344   0.25634   0.25871   0.26113   0.26388
  8.6834   0.26333   0.29585   0.30940   0.31778   0.32515   0.32993   0.33317   0.33622   0.33977   0.34398
  9.0050   0.23152   0.27564   0.28388   0.28450   0.28601   0.28749   0.28924   0.29156   0.29475   0.29872
  9.3266   0.12334   0.17424   0.18127   0.18186   0.18264   0.18362   0.18497   0.18661   0.18862   0.19108
  9.6482   0.25038   0.28853   0.29901   0.30669   0.31474   0.32065   0.32453   0.32683   0.32813   0.32909
  9.9698   0.45705   0.46276   0.46080   0.46560   0.47505   0.48241   0.48687   0.48881   0.48923   0.48884
 10.2915   0.32787   0.31438   0.29889   0.29381   0.29524   0.29730   0.29851   0.29869   0.29825   0.29742
 10.6131   0.09582   0.09512   0.08351   0.07605   0.07275   0.07121   0.07028   0.06954   0.06889   0.06825
 10.9347   0.01755   0.01905   0.01587   0.01284   0.01097   0.00995   0.00946   0.00928   0.00926   0.00933
 11.2563   0.04326   0.03498   0.03315   0.03326   0.03380   0.03454   0.03550   0.03665   0.03785   0.03915
 11.5779   0.07577   0.06300   0.06073   0.06111   0.06221   0.06351   0.06483   0.06629   0.06771   0.06922
 11.8995   0.08135   0.07132   0.07278   0.07282   0.07268   0.07248   0.07213   0.07186   0.07160   0.07145
 12.2211   0.08111   0.07688   0.08070   0.08048   0.07944   0.07804   0.07632   0.07463   0.07304   0.07158
 12.5427   0.07032   0.06353   0.06303   0.06259   0.06257   0.06246   0.06203   0.06150   0.06101   0.06058
 12.8643   0.08282   0.08233   0.08188   0.08229   0.08339   0.08455   0.08561   0.08659   0.08769   0.08884
 13.1859   0.14538   0.15845   0.16356   0.16581   0.16766   0.16921   0.17074   0.17228   0.17422   0.17624
 13.5075   0.11847   0.13558   0.14229   0.14474   0.14601   0.14665   0.14721   0.14771   0.14854   0.14945
 13.8291   0.04041   0.04756   0.04906   0.04952   0.04968   0.04956   0.04940   0.04915   0.04897   0.04885
 14.1508   0.01009   0.00906   0.00737   0.00666   0.00638   0.00620   0.00604   0.00588   0.00571   0.00555
 14.4724   0.00146   0.00051  -0.00018  -0.00046  -0.00057  -0.00063  -0.00067  -0.00071  -0.00074  -0.00078
 14.7940  -0.00111  -0.00116  -0.00111  -0.00109  -0.00108  -0.00108  -0.00107  -0.00107  -0.00106  -0.00106
 15.1156  -0.00038  -0.00036  -0.00032  -0.00030  -0.00030  -0.00029  -0.00029  -0.00029  -0.00028  -0.00028
 15.4372  -0.00003  -0.00003  -0.00003  -0.00003  -0.00003  -0.00003  -0.00003  -0.00003  -0.00002  -0.00002
 15.7588  -0.00000  -0.00000  -0.00000  -0.00000  -0.00000  -0.00000  -0.00000  -0.00000  -0.00000  -0.00000
 16.0804  -0.00000  -0.00000  -0.00000  -0.00000  -0.00000  -0.00000  -0.00000  -0.00000  -0.00000  -0.00000
 16.4020  -0.00000  -0.00000  -0.00000  -0.00000  -0.00000  -0.00000  -0.00000  -0.00000  -0.00000  -0.00000
 16.7236  -0.00000  -0.00000  -0.00000  -0.00000  -0.00000  -0.00000  -0.00000  -0.00000  -0.00000  -0.00000
 17.0452  -0.00000  -0.00000  -0.00000  -0.00000  -0.00000  -0.00000  -0.00000  -0.00000  -0.00000  -0.00000
 17.3668  -0.00000  -0.00000  -0.00000  -0.00000  -0.00000  -0.00000  -0.00000  -0.00000  -0.00000  -0.00000
 17.6884  -0.00000  -0.00000  -0.00000  -0.00000  -0.00000  -0.00000  -0.00000  -0.00000  -0.00000  -0.00000
 18.0101  -0.00001  -0.00000  -0.00000  -0.00000  -0.00000  -0.00000  -0.00000  -0.00000  -0.00000  -0.00000
 18.3317  -0.00029  -0.00021  -0.00017  -0.00016  -0.00015  -0.00015  -0.00015  -0.00015  -0.00015  -0.00015
 18.6533  -0.00533  -0.00382  -0.00317  -0.00292  -0.00283  -0.00277  -0.00274  -0.00272  -0.00270  -0.00268
 18.9749  -0.02907  -0.02086  -0.01727  -0.01595  -0.01541  -0.01512  -0.01494  -0.01481  -0.01470  -0.01461
 19.2965   0.02891   0.02074   0.01717   0.01587   0.01533   0.01504   0.01486   0.01473   0.01462   0.01453
 19.6181   0.41050   0.29455   0.24385   0.22530   0.21766   0.21360   0.21104   0.20919   0.20767   0.20634
 19.9397   0.57650   0.41338   0.34217   0.31611   0.30539   0.29969   0.29610   0.29350   0.29138   0.28951
 20.2613   0.16699   0.11655   0.09574   0.08819   0.08509   0.08348   0.08250   0.08181   0.08127   0.08079
 20.5829  -0.05054  -0.04393  -0.03815  -0.03588  -0.03491  -0.03433  -0.03387  -0.03348  -0.03313  -0.03282
 20.9045   0.08670   0.10114   0.09289   0.08899   0.08721   0.08581   0.08441   0.08303   0.08170   0.08050
 21.2261   0.35232   0.39136   0.35687   0.34100   0.33374   0.32812   0.32260   0.31718   0.31198   0.30720
 21.5477   0.29237   0.31559   0.28548   0.27238   0.26680   0.26300   0.25959   0.25645   0.25362   0.25119
 21.8693   0.26798   0.21234   0.17188   0.16058   0.15930   0.16328   0.17032   0.17935   0.18964   0.20086
 22.1910   0.34761   0.25826   0.20292   0.18841   0.18760   0.19443   0.20584   0.22021   0.23644   0.25400
 22.5126   0.11867   0.08912   0.07038   0.06542   0.06510   0.06734   0.07110   0.07586   0.08124   0.08707
 22.8342  -0.01774  -0.01359  -0.01083  -0.01009  -0.01002  -0.01033  -0.01086  -0.01153  -0.01229  -0.01312
 23.1558  -0.00978  -0.00745  -0.00593  -0.00552  -0.00548  -0.00566  -0.00596  -0.00633  -0.00676  -0.00722
 23.4774  -0.00096  -0.00073  -0.00058  -0.00054  -0.00054  -0.00055  -0.00058  -0.00062  -0.00066  -0.00070
 23.7990  -0.00003  -0.00002  -0.00002  -0.00002  -0.00002  -0.00002  -0.00002  -0.00002  -0.00002  -0.00002
 24.1206  -0.00002  -0.00001  -0.00002  -0.00002  -0.00002  -0.00002  -0.00002  -0.00002  -0.00002  -0.00002
 24.4422  -0.00073  -0.00069  -0.00070  -0.00073  -0.00076  -0.00078  -0.00080  -0.00082  -0.00084  -0.00086
 24.7638  -0.01397  -0.01288  -0.01295  -0.01333  -0.01374  -0.01408  -0.01439  -0.01469  -0.01499  -0.01531
 25.0854  -0.09010  -0.08028  -0.07963  -0.08064  -0.08218  -0.08358  -0.08480  -0.08595  -0.08708  -0.08824
 25.4070  -0.01961  -0.01047  -0.00609   0.00069   0.00561   0.00924   0.01251   0.01587   0.01940   0.02311
 25.7286   1.18197   1.03882   1.03142   1.05127   1.07654   1.09836   1.11735   1.13536   1.15320   1.17150
 26.0503   2.63616   2.34334   2.30190   2.28510   2.29731   2.31461   2.32964   2.34244   2.35401   2.36561
 26.3719   1.73138   1.72785   1.71084   1.66109   1.64056   1.63295   1.62732   1.62105   1.61418   1.60743
 26.6935   0.28844   0.46896   0.50715   0.49821   0.48671   0.47639   0.46617   0.45589   0.44581   0.43619
 27.0151   0.01035   0.06933   0.10504   0.11938   0.12026   0.11517   0.10781   0.09978   0.09173   0.08395
 27.3367   0.37602   0.22692   0.23379   0.24010   0.23854   0.23408   0.22921   0.22457   0.22025   0.21625
 27.6583   1.18362   0.88907   0.91757   0.93638   0.93694   0.93126   0.92478   0.91889   0.91376   0.90931
 27.9799   1.52905   1.55089   1.63419   1.68859   1.72214   1.74122   1.75169   1.75736   1.76080   1.76301
 28.3015   1.49382   2.20641   2.39847   2.51270   2.60454   2.66571   2.70329   2.72737   2.74525   2.75994
 28.6231   2.19905   2.71478   2.90269   3.00597   3.08715   3.13586   3.15982   3.17108   3.17729   3.18187
 28.9447   3.77485   3.36592   3.37763   3.39554   3.42194   3.43403   3.43044   3.41808   3.40164   3.38411
 29.2663   3.36380   2.99787   3.00313   3.03554   3.07282   3.09438   3.10176   3.10079   3.09487   3.08625
 29.5879   2.01381   2.52269   2.65785   2.74545   2.81788   2.86831   2.90403   2.93109   2.95157   2.96616
 29.9095   1.88455   2.52370   2.62740   2.68796   2.74619   2.79108   2.82465   2.85079   2.87124   2.88614
 30.2312   2.58413   2.23009   2.19475   2.22578   2.27522   2.31581   2.34580   2.36920   2.38940   2.40771
 30.5528   2.86588   1.94263   1.80525   1.80777   1.85330   1.89647   1.92978   1.95598   1.97880   2.00049
 30.8744   2.05464   1.80025   1.72294   1.71788   1.75205   1.78542   1.81080   1.83020   1.84697   1.86342
 31.1960   1.63291   1.93692   1.96107   1.99044   2.04049   2.08274   2.11564   2.14274   2.16800   2.19369
 31.5176   2.37411   2.42305   2.45732   2.48109   2.51853   2.55131   2.57847   2.60271   2.62697   2.65234
 31.8392   2.55115   2.47524   2.54153   2.54556   2.54333   2.53677   2.52861   2.52216   2.51910   2.51922
 32.1608   1.67513   1.73785   1.82132   1.83565   1.82925   1.81309   1.79445   1.77803   1.76525   1.75591
 32.4824   0.89711   1.06511   1.19663   1.25342   1.27805   1.28447   1.28178   1.27629   1.27085   1.26653
 32.8040   1.17001   1.15535   1.26502   1.31543   1.34292   1.35799   1.36591   1.37046   1.37362   1.37638
 33.1256   1.67155   1.35433   1.35356   1.35688   1.36015   1.36681   1.37711   1.38939   1.40171   1.41310
 33.4472   1.10325   0.83486   0.75849   0.73299   0.72017   0.71452   0.71481   0.71871   0.72383   0.72894
 33.7688   0.91318   0.55693   0.43711   0.39135   0.36711   0.34970   0.33653   0.32672   0.31957   0.31478
 34.0905   2.03166   1.18235   0.93201   0.79655   0.71356   0.65879   0.62022   0.59160   0.56955   0.55233
 34.4121   2.11906   1.69258   1.52172   1.40035   1.32350   1.27434   1.24152   1.21792   1.19937   1.18374
 34.7337   1.62070   1.81750   1.85268   1.83769   1.82803   1.82123   1.81609   1.81177   1.80765   1.80341
 35.0553   1.78729   2.01246   2.12564   2.17039   2.20565   2.23040   2.24796   2.26147   2.27248   2.28245
 35.3769   2.03904   2.05512   2.11039   2.15316   2.19835   2.23221   2.25670   2.27669   2.29457   2.31225
 35.6985   1.77228   1.75638   1.71952   1.71855   1.73284   1.74263   1.74744   1.75175   1.75745   1.76513
 36.0201   1.31281   1.50762   1.45414   1.40636   1.37276   1.34530   1.32288   1.30690   1.29692   1.29162
 36.3417   0.88815   1.21403   1.22473   1.18244   1.14215   1.10892   1.08298   1.06446   1.05221   1.04501
 36.6633   0.37033   0.70372   0.78186   0.78611   0.78132   0.77494   0.76860   0.76423   0.76210   0.76240
 36.9849   0.42217   0.50102   0.54174   0.55008   0.55450   0.55804   0.56119   0.56475   0.56906   0.57401
 37.3065   0.87020   0.88552   0.92465   0.95766   0.98160   0.99574   1.00557   1.01394   1.02266   1.03136
 37.6281   0.86497   1.09031   1.17478   1.24687   1.29863   1.32586   1.34019   1.34941   1.35747   1.36496
 37.9497   0.54380   0.77032   0.82987   0.87402   0.90733   0.92418   0.93098   0.93285   0.93317   0.93242
 38.2714   0.44152   0.55077   0.58759   0.60771   0.62345   0.63101   0.63269   0.63032   0.62668   0.62207
 38.5930   0.51641   0.51339   0.56276   0.58421   0.59554   0.60061   0.60231   0.60195   0.60116   0.60080
 38.9146   0.48633   0.51697   0.58503   0.61065   0.62129   0.62605   0.62864   0.63087   0.63360   0.63753
 39.2362   0.31114   0.41517   0.47735   0.50308   0.51638   0.52335   0.52749   0.53103   0.53524   0.53989
 39.5578   0.25979   0.28509   0.31419   0.32856   0.33811   0.34380   0.34729   0.35052   0.35379   0.35718
 39.8794   0.27572   0.28010   0.28960   0.29653   0.30303   0.30768   0.31082   0.31485   0.31821   0.32202
 40.2010   0.26609   0.37087   0.40271   0.41618   0.42510   0.43145   0.43627   0.44185   0.44705   0.45282
 40.5226   0.22386   0.36398   0.41418   0.43253   0.44244   0.44955   0.45554   0.46224   0.46912   0.47699
 40.8442   0.21794   0.30503   0.34050   0.34822   0.35106   0.35362   0.35656   0.36116   0.36627   0.37282
 41.1658   0.32308   0.42035   0.44485   0.44337   0.44040   0.43825   0.43697   0.43738   0.43873   0.44100
 41.4874   0.39306   0.55103   0.57983   0.57957   0.57688   0.57353   0.57026   0.56810   0.56695   0.56641
 41.8090   0.29598   0.46848   0.50584   0.51051   0.51098   0.51008   0.50849   0.50773   0.50772   0.50868
 42.1307   0.27013   0.36533   0.40710   0.42140   0.42935   0.43437   0.43711   0.43981   0.44248   0.44603
 42.4523   0.34943   0.33228   0.35501   0.37377   0.38858   0.39920   0.40625   0.41203   0.41729   0.42288
 42.7739   0.34381   0.31968   0.33307   0.35565   0.37572   0.39069   0.40266   0.41332   0.42392   0.43487
 43.0955   0.29420   0.37986   0.40569   0.43437   0.46052   0.48072   0.49836   0.51560   0.53282   0.55110
 43.4171   0.24354   0.33300   0.35664   0.37989   0.40196   0.41856   0.43255   0.44630   0.46000   0.47535
 43.7387   0.34934   0.30687   0.30942   0.32438   0.33889   0.34768   0.35366   0.35825   0.36337   0.36978
 44.0603   0.42845   0.40868   0.42925   0.44179   0.45122   0.45617   0.45886   0.46048   0.46266   0.46561
 44.3819   0.31470   0.39497   0.44394   0.45798   0.46436   0.46729   0.46865   0.47030   0.47246   0.47578
 44.7035   0.22806   0.27742   0.31297   0.32964   0.33857   0.34262   0.34489   0.34692   0.34950   0.35316
 45.0251   0.18849   0.21949   0.24710   0.27906   0.30466   0.32044   0.33097   0.33776   0.34399   0.35009
 45.3467   0.16295   0.21043   0.24337   0.28957   0.32791   0.35232   0.36821   0.37868   0.38719   0.39536
 45.6683   0.15304   0.17338   0.19242   0.21707   0.23670   0.24925   0.25754   0.26384   0.26884   0.27446
 45.9899   0.14402   0.14041   0.14624   0.15348   0.15966   0.16449   0.16843   0.17252   0.17619   0.18051
 46.3116   0.15665   0.15552   0.16098   0.16721   0.17327   0.17848   0.18334   0.18838   0.19356   0.19917
 46.6332   0.22170   0.23121   0.24290   0.25166   0.25971   0.26632   0.27228   0.27812   0.28425   0.29079
 46.9548   0.18762   0.19381   0.20119   0.20611   0.21136   0.21615   0.22052   0.22486   0.22947   0.23416
 47.2764   0.13581   0.13174   0.12851   0.12494   0.12428   0.12496   0.12627   0.12842   0.13086   0.13374
 47.5980   0.13963   0.13609   0.13067   0.12488   0.12308   0.12303   0.12375   0.12619   0.12899   0.13286
 47.9196   0.12779   0.13097   0.13182   0.13276   0.13551   0.13856   0.14131   0.14510   0.14913   0.15394
 48.2412   0.14366   0.16511   0.17272   0.17910   0.18495   0.18993   0.19403   0.19828   0.20271   0.20751
 48.5628   0.10074   0.14346   0.15625   0.16315   0.16817   0.17181   0.17524   0.17856   0.18222   0.18629
 48.8844   0.06218   0.11149   0.12713   0.13458   0.14013   0.14369   0.14778   0.15136   0.15510   0.15951
 49.2060   0.06619   0.08826   0.09687   0.10045   0.10328   0.10552   0.10856   0.11121   0.11394   0.11708
 49.5276   0.07777   0.08443   0.08790   0.08709   0.08606   0.08589   0.08632   0.08714   0.08830   0.08960
 49.8492   0.11543   0.13620   0.14631   0.14914   0.15065   0.15154   0.15236   0.15340   0.15475   0.15655
 50.1709   0.17866   0.19079   0.20204   0.21212   0.22035   0.22506   0.22855   0.23100   0.23350   0.23673
 50.4925   0.19574   0.17605   0.17808   0.18840   0.19842   0.20435   0.20843   0.21101   0.21362   0.21650
 50.8141   0.19008   0.14696   0.14086   0.14608   0.15287   0.15752   0.16050   0.16238   0.16413   0.16564
 51.1357   0.16588   0.12608   0.11933   0.12313   0.12861   0.13279   0.13555   0.13725   0.13867   0.13974
 51.4573   0.05395   0.05276   0.05653   0.06084   0.06436   0.06689   0.06852   0.06967   0.07061   0.07143
 51.7789   0.01762   0.04710   0.06588   0.07428   0.07838   0.08082   0.08205   0.08319   0.08416   0.08519
 52.1005   0.03332   0.05489   0.06970   0.07594   0.07885   0.08046   0.08113   0.08185   0.08246   0.08327
 52.4221   0.04490   0.05433   0.05607   0.05696   0.05814   0.05922   0.05999   0.06095   0.06179   0.06286
 52.7437   0.04919   0.07211   0.07408   0.07723   0.08105   0.08440   0.08673   0.08919   0.09124   0.09340
 53.0653   0.02176   0.03890   0.04136   0.04435   0.04736   0.04986   0.05154   0.05323   0.05461   0.05599
 53.3869   0.01380   0.02166   0.02347   0.02361   0.02381   0.02393   0.02397   0.02400   0.02410   0.02420
 53.7085   0.05257   0.06803   0.07152   0.07137   0.07163   0.07159   0.07141   0.07124   0.07137   0.07151
 54.0302   0.05853   0.06599   0.06694   0.06780   0.06911   0.06979   0.07013   0.07044   0.07095   0.07142
 54.3518   0.06948   0.06423   0.06240   0.06467   0.06725   0.06906   0.07032   0.07135   0.07242   0.07328
 54.6734   0.15877   0.15018   0.14925   0.15117   0.15438   0.15712   0.15899   0.16046   0.16250   0.16439
 54.9950   0.21750   0.20686   0.20502   0.20494   0.20751   0.21009   0.21190   0.21348   0.21610   0.21896
 55.3166   0.11785   0.11800   0.11801   0.11972   0.12275   0.12498   0.12657   0.12803   0.12985   0.13207
 55.6382   0.02141   0.04447   0.04859   0.05183   0.05510   0.05731   0.05883   0.06037   0.06169   0.06324
 55.9598   0.03053   0.04740   0.04965   0.05134   0.05321   0.05485   0.05582   0.05720   0.05849   0.05989
 56.2814   0.05666   0.06405   0.06754   0.07116   0.07450   0.07726   0.07914   0.08140   0.08387   0.08650
 56.6030   0.04394   0.07809   0.09482   0.10471   0.11259   0.11843   0.12295   0.12711   0.13162   0.13642
 56.9246   0.01900   0.06912   0.09374   0.10430   0.11146   0.11624   0.11993   0.12283   0.12590   0.12914
 57.2462   0.01140   0.05113   0.06736   0.07165   0.07413   0.07559   0.07730   0.07866   0.08045   0.08235
 57.5678   0.06209   0.06969   0.07417   0.07506   0.07614   0.07737   0.07988   0.08264   0.08629   0.09034
 57.8894   0.23467   0.18371   0.17715   0.18037   0.18466   0.18799   0.19162   0.19533   0.19947   0.20426
 58.2111   0.33036   0.26533   0.25273   0.25751   0.26449   0.26914   0.27303   0.27638   0.27949   0.28328
 58.5327   0.15219   0.12640   0.11947   0.12138   0.12512   0.12790   0.13019   0.13214   0.13361   0.13533
 58.8543   0.00782   0.00670   0.00604   0.00609   0.00667   0.00749   0.00825   0.00905   0.00956   0.00998
 59.1759   0.00468   0.01084   0.01585   0.01941   0.02258   0.02571   0.02890   0.03226   0.03594   0.03959
 59.4975   0.02493   0.04762   0.06037   0.07028   0.07895   0.08673   0.09444   0.10216   0.11087   0.11980
 59.8191   0.08140   0.08232   0.08884   0.09768   0.10558   0.11231   0.11920   0.12591   0.13342   0.14114
 60.1407   0.23001   0.16428   0.14682   0.14859   0.15225   0.15522   0.15853   0.16161   0.16494   0.16823
 60.4623   0.20573   0.15859   0.13876   0.13695   0.13819   0.13928   0.14036   0.14124   0.14211   0.14293
 60.7839   0.04094   0.04486   0.04244   0.04273   0.04381   0.04448   0.04488   0.04511   0.04528   0.04553
 61.1055  -0.01016  -0.00464  -0.00231  -0.00138  -0.00077  -0.00058  -0.00057  -0.00066  -0.00075  -0.00073
 61.4271   0.01829   0.02906   0.03038   0.02980   0.02982   0.03033   0.03129   0.03285   0.03480   0.03703
 61.7487   0.04627   0.07532   0.07622   0.07549   0.07704   0.07992   0.08366   0.08879   0.09470   0.10109
 62.0704   0.06348   0.11421   0.10211   0.09120   0.08678   0.08606   0.08720   0.08983   0.09325   0.09709
 62.3920   0.06196   0.11993   0.09945   0.08091   0.07070   0.06559   0.06310   0.06187   0.06132   0.06109
 62.7136   0.02130   0.05562   0.04821   0.04055   0.03656   0.03532   0.03559   0.03656   0.03780   0.03918
 63.0352   0.08692   0.07798   0.06305   0.05193   0.04617   0.04436   0.04465   0.04620   0.04824   0.05066
 63.3568   0.23277   0.13894   0.09964   0.07526   0.06142   0.05385   0.04946   0.04696   0.04546   0.04468
 63.6784   0.16020   0.08166   0.05517   0.03993   0.03111   0.02577   0.02218   0.01957   0.01756   0.01598
 64.0000   0.01134   0.00395   0.00218   0.00134   0.00083   0.00047   0.00017  -0.00009  -0.00033  -0.00055
