 &plot nbnd=  21, nks= 141 /
            0.000000  0.000000  0.000000
   -0.0000   -0.0000   -0.0000   12.8632   12.8632   12.8632
 3233.7102 3233.7102 3233.7102    1.9816    1.9816    1.9816
   44.6552   44.6552   44.6552   -3.1663    5.1428    5.1428
    5.1428 1029.3561 1029.3561
            0.000000  0.043301  0.000000
    3.1378    3.1378    2.3538   27.8193   27.8194   33.7027
 2877.7463 2944.4302 2944.4301    9.3541   14.8350   14.8351
   40.4091   40.4091   40.6883   -2.0311    6.6251    6.6251
   11.4419  959.4803  909.6152
            0.000000  0.086603  0.000000
    9.4417    9.4417    8.4458   67.2080   67.2082   78.9651
 2107.0622 2218.5912 2218.5910   25.3240   52.3896   52.3897
   30.9101   30.9101   31.1367   -0.4468   12.1187   12.1187
   32.4633  780.3145  639.6498
            0.000000  0.129904  0.000000
   14.0809   14.0809   15.7607  110.9221  110.9222  113.0751
 1503.1004 1392.3240 1392.3238   39.5865  101.0245  101.0247
   21.8785   21.8784   20.9995    0.7845   20.3151   20.3152
   59.2013  558.7059  400.2506
            0.000000  0.173205  0.000000
   15.2913   15.2913   21.5526  132.4548  132.4548 1357.5504
  115.7640  780.4487  780.4485   51.6441  129.9226  129.9227
   15.8693   15.8693   13.9002    2.4732   23.4279   23.4279
   62.5215  352.8167  300.6329
            0.000000  0.216506  0.000000
   14.1742   14.1742   24.6946  122.6732  122.6732 1472.6813
  107.6001  480.5801  480.5801   70.3547  130.0040  130.0041
   12.8907   12.8907   10.0973    4.3537   15.4520   15.4520
   26.2545  189.8060  310.0578
            0.000000  0.259808  0.000000
   13.2952   13.2952   26.4354  101.6994  101.6994 1500.4220
  153.4680  388.9887  388.9887   87.6136  119.7747  119.7747
   13.9803   13.9803    8.0759    5.9471    1.7359    1.7360
  -16.6022   84.8728  333.2200
            0.000000  0.303109  0.000000
   14.7827   14.7827   28.7092 1360.6568   90.3038   90.3038
  289.1866  377.0599  377.0600   94.8043  116.4427  116.4427
   21.2762   21.2762    7.3300    7.3728   15.5400   -5.0303
   -5.0302   49.5351  323.2990
            0.000000  0.346410  0.000000
   18.6779   18.6779   31.7550 1255.9344   97.3611   97.3611
  438.8301  385.9744  385.9745  120.4687  120.4686  125.6555
   34.2978   34.2978    8.9657   17.7919  200.6680    2.6589
    2.6589   54.1909  307.8921
            0.000000  0.389711  0.000000
   23.2277   23.2277   33.9566 1344.1358  125.0714  125.0714
  523.3406  403.1809  403.1809  117.7553  117.7552  522.3604
  169.3094   47.3693   47.3693   13.6254   21.5980   18.8080
   18.8080   66.3372  325.2848
            0.000000  0.433013  0.000000
   26.4627   26.4627   33.6682 1525.4722  160.3998  160.3998
  831.8953  498.9276  422.0147  422.0147   99.4207   99.4207
   53.4541   53.4541   15.3600   19.4968  202.7785   29.2963
   29.2963   72.3695  370.2407
            0.000000  0.476314  0.000000
   27.8455   27.8455   30.7661 1587.5744  184.8702  184.8702
  967.8503  429.6138  429.6138  380.8630   72.7561   72.7561
   51.3401   51.3401   17.5483   23.0861  225.1598   26.4577
   26.4577   70.4021  408.8446
            0.000000  0.519615  0.000000
   28.5792   28.5792   26.3888 1473.6213  189.8776  189.8775
  898.7762  425.2194  425.2194   49.8996   49.8995  247.3249
   46.3303   46.3303   21.5427   22.2345   17.4378   17.4379
  243.7245   73.8641  421.9240
            0.000000  0.562917  0.000000
   29.8653   29.8653   21.7616  177.4803  177.4802 1321.6150
  702.7789  425.3247  425.3247   34.3796   34.3795  173.3011
   22.4353   43.8412   43.8412   18.2247   16.4333   16.4334
  267.0537   88.5743  416.0702
            0.000000  0.606218  0.000000
   30.9895   30.9895   17.7114  155.2258  155.2258  493.2117
 1262.4363  438.8235  438.8234   24.2204   24.2204   18.8751
   44.1837   44.1837  160.5943   14.6920   28.5254   28.5254
  307.6561   96.0325  402.1960
            0.000000  0.649519  0.000000
   29.7878   29.7878   14.7526  338.9039  132.5895  132.5896
 1266.9448  461.6390  461.6389   16.0615   16.0615   13.1682
   43.8625   43.8625  174.7572   14.3735   44.8209   44.8209
  349.9484   80.5010  382.1341
            0.000000  0.692820  0.000000
   25.2881   25.2881   12.8983  244.0631  117.5202  117.5203
 1220.6473  496.8756  496.8756    8.2948    8.2948    8.3113
   41.4526   41.4526  184.0032   16.8982   54.5805   54.5805
  374.7344   69.1969  360.9705
            0.000000  0.736122  0.000000
   19.0972   19.0972   11.6660  183.3552  111.1434  111.1434
 1086.3953  562.0825  562.0825    2.3751    2.3751    5.5949
   41.3934   41.3934  173.8318   19.6362   58.0971   58.0972
  388.5951  119.6702  359.3918
            0.000000  0.779423  0.000000
   13.8167   13.8168   10.7536  139.7642  934.5317  108.1624
  108.1624  663.1301  663.1301    0.0890    0.0890    4.0533
   48.3918   48.3918   20.4905  150.6638   63.4245   63.4245
  404.0071  252.4996  396.7281
            0.000000  0.822724  0.000000
   10.8606   10.8606   10.1972  105.8376  105.8376  111.5009
  838.9986  764.2562  764.2562    1.1466    1.1466    2.8065
   57.2943   57.2943   19.7226  129.8331   73.9529   73.9529
  418.2052  405.3896  456.6653
            0.000000  0.866025  0.000000
   10.0190   10.0190   10.0190  101.6202  101.6202  101.6202
  810.6318  810.6318  810.6318    2.2638    2.2638    2.2638
   19.1312   19.1312   19.1312  121.8920  121.8920  121.8920
  437.0224  473.5703  473.5703
            0.021651  0.844375  0.000000
   10.4358    9.8318   10.6921  105.5202  109.8763  108.9529
  801.8746  802.0658  782.7561    1.6447    2.5137    1.6850
   60.0516   57.4122   19.0362  122.7228   79.0037   78.8275
  424.9743  444.9415  459.7294
            0.043301  0.822724  0.000000
   11.9070    9.4604   12.5739  114.9972  164.3133  135.0855
  745.0392  776.5811  705.8810    0.5090    3.3057    0.6252
   62.2291   54.3031   18.7179  125.3169   72.6709   69.5065
  389.2319  372.5681  422.1148
            0.064952  0.801073  0.000000
   14.7556    9.3150   15.3847  126.5267  262.4148  640.2295
  174.6484  735.3567  611.3675    0.5467    4.9013    0.5529
   61.8090   46.7309   18.1289  129.7996   70.4431   61.9669
  290.4196  370.7055  331.3949
            0.086603  0.779423  0.000000
   18.7834   18.9890    9.6733  141.9753  320.3844  568.3190
  219.2108  681.6182  533.3021    3.3019    7.9631    2.5325
   61.7430   39.2707   17.3102  135.9344   71.7752   57.4716
  189.2440  317.1331  302.4832
            0.108253  0.757772  0.000000
   23.1010   23.5022   10.4049  172.8463  337.7765  528.2616
  270.1149  621.0354  481.8537   13.0884    9.0717    6.3820
   34.0083   61.7381   16.4450  142.9458   76.1261   57.9019
  114.7298  269.8636  287.6755
            0.129904  0.736122  0.000000
   26.5961   29.0454   10.9844  237.2699  336.6086  500.2568
  326.5335  560.6030  451.7388   19.6552   16.4533   10.7781
   31.5224   60.7160   15.8395  149.8452   81.4342   62.7945
   80.5004  231.6463  282.8048
            0.151554  0.714471  0.000000
   28.5015   35.4975   10.8377  349.5343  331.8149  476.2675
  382.4048  506.3952  433.2273   25.5116   22.9103   14.2125
   31.1406   58.3357  155.8605   15.8649   85.3144   69.0154
   87.2046  200.4056  275.7734
            0.173205  0.692820  0.000000
   28.6124   42.6085    9.8675  507.7432  334.7692  454.6989
  431.7889  461.4085  419.7483   28.4608   26.1465   16.2587
   31.5399   55.3829  160.2016   16.8577   86.9439   72.1311
  121.9234  172.4256  257.0000
            0.194856  0.671170  0.000000
   27.2034   50.2651    8.7385  688.2236  353.4143  435.9914
  473.7872  412.0342  424.5905   28.1223   25.4364   18.0277
   31.5865   53.2354  161.6458   18.9385   87.8612   68.6764
  166.7955  145.5720  223.6954
            0.216506  0.649519  0.000000
   24.8208   58.4744    8.3855  852.0408  389.8519  420.4674
  514.0712  416.1438  391.5825   26.2394   22.0573   20.7269
   31.0035   53.3832   21.8311  159.7708   90.5988   58.2725
  208.8238  120.7997  179.1314
            0.238157  0.627868  0.000000
   22.0537   66.9742    9.2438  960.9325  439.4799  407.1698
  563.8282  435.8051  357.1630   25.3034   18.5499   24.1568
   30.4951   57.3795   24.9274  157.2531   95.9452   44.3550
  241.9095  101.2112  131.9436
            0.259808  0.606218  0.000000
   19.3691   74.7978   10.9917  993.9961  493.5293  393.5746
  636.1423  466.0824  318.6979   26.7660   17.2135   28.4650
   31.3122   67.2306   27.6500  159.9003  100.6957   32.5690
  263.8247   89.3050   93.2964
            0.281458  0.584567  0.000000
   17.0610   80.2776   12.7698  956.0850  543.2560  738.4271
  377.1050  496.6932  278.7831   30.3777   18.7928   36.6442
   34.6006   86.3132   29.7458  175.1467   96.7785   27.5044
  273.2225   84.6644   71.2412
            0.303109  0.562917  0.000000
   15.2785   81.6110   14.0856  583.2527  872.9457  867.1820
  357.6446  520.0105  244.9127   35.9301   22.1926   53.9719
   40.9449  114.8088   31.2081  210.7550   76.7835   30.0592
  268.3810   84.2290   66.4329
            0.324760  0.541266  0.000000
   14.0726   77.4262   15.0746 1011.0461  612.2447  338.9759
  777.1448  533.8866  225.7414   46.6740   25.2097   87.5386
   50.3278  268.5715  132.7541   32.0226   52.0689   37.2225
  249.2653   84.6826   72.5876
            0.346410  0.519615  0.000000
   13.4315   66.9270   16.1148 1156.8766  629.6847  329.3056
  693.1612  539.7944  226.1034   68.2248   25.7499  152.1270
   62.2699  329.1830  121.5381   32.0818   36.3856   44.1404
  222.0723   84.4052   80.8515
            0.368061  0.497965  0.000000
   13.2845   50.3761   17.4351 1292.9563  623.2345  347.6201
  539.5658  629.9625  244.0304   98.1128  287.9528   23.0152
  333.5897   75.4935   31.3623   92.1816   28.5997   47.0476
   83.1701  196.8087   84.7375
            0.389711  0.476314  0.000000
   13.4760   30.6639   18.9110 1408.0519  501.3329  485.9637
  533.3243  587.0860  271.0994  534.7403  122.0982   18.1072
  217.2624   87.5199   30.1610   65.2778   29.9494   45.4120
   79.9026  179.5349   82.8951
            0.411362  0.454663  0.000000
   13.7622   14.0698   20.1141 1488.2954  184.7454  817.6399
  522.8976  577.2025  746.0782  295.0597  116.8923  100.6181
   13.5105   95.6966   29.0642   45.5006   48.9872   70.2057
   41.9292  170.6583   78.5997
            0.433013  0.433013  0.000000
   13.8938    7.5304   20.5810 1517.7318  156.1950  852.3446
  517.1655  612.3668  812.9562  304.5988   74.8889   68.8844
   11.6499   98.5439   28.6257   37.1956   75.3058   51.2407
   40.2222  168.0902   76.4669
            0.411362  0.411362  0.000000
   13.6918    7.2468   23.2906 1450.3654  155.7348  855.4425
  523.7581  694.8322  693.4864  289.1037   72.8698   59.3847
   23.6115   94.8305   29.1569   31.7882   77.1749   61.9174
   39.9686  160.0113   76.7003
            0.389711  0.389711  0.000000
   13.0496    6.5144   27.0166 1277.3510  862.8187  155.0760
  535.3379  699.4534  253.9489   61.9306  580.7679   45.4502
   48.5347   84.7401   29.8831   23.3624   77.6194   75.3712
   39.3566  148.7588   76.9795
            0.368061  0.368061  0.000000
   11.9554    5.6243   28.3246  870.1333 1077.6116  156.0274
  538.2680  217.0284   46.2342  661.5170   37.9304   70.3233
  436.6961   70.9509   28.9486   18.1462   86.5765   67.0268
   38.6276  139.1445   76.7691
            0.346410  0.346410  0.000000
   10.5964    4.8656   28.6224  873.7426  160.4673  528.4525
  942.0056  187.8945   36.2031   32.1037  584.0562   83.9086
   56.5783  258.7249   25.0942   15.1861   91.8363   57.1677
   37.8574  123.8789   76.6166
            0.324760  0.324760  0.000000
    9.3708    4.3435   29.6941  873.0486  168.9361  510.9566
  900.6802   29.7433  170.3904   28.7243   92.5694  473.1484
   43.8411  116.4336   18.7817   12.8883   77.9191   48.5480
   37.0773   98.0684   78.0522
            0.303109  0.303109  0.000000
    8.6510    3.9491   32.3388  870.0653  492.6550  179.6169
  924.4104   24.2299  166.6479  100.8595   27.0453  352.2900
   33.3845  119.0083   12.0575   10.4998   -2.7537   36.5233
   41.2945   68.3803   81.9296
            0.281458  0.281458  0.000000
    8.5062    3.5345   36.5602  866.1383  475.8610  188.8476
  978.5108   19.0465  177.2150  108.6023   25.4259  217.0733
   24.6765  207.9307    7.3132    8.0260  -46.1487   36.4761
   35.2849   52.2938   86.6749
            0.259808  0.259808  0.000000
    8.6340    3.1220   41.6161  456.1665  857.9590  193.4027
 1043.2889   15.8986  198.5487  108.3953  134.4444   22.5181
  286.0154   17.1137    5.8097    5.8890  -35.4602   36.7948
   31.0454   63.1243   87.9613
            0.238157  0.238157  0.000000
    8.5229    2.9274   45.9655  425.6707  836.3356  192.8245
 1107.0953  218.4100   17.2400  123.1877   92.2677   18.1169
  322.6316   10.7764    6.9976    4.4070   -1.2878   36.9145
   29.2073   99.1440   80.5134
            0.216506  0.216506  0.000000
    7.7550    3.1567   47.7259  379.3873  791.1153  189.4867
 1155.7735  216.2523   23.7289  143.1074   63.8071  340.5228
   13.2850    6.0426    9.1364    3.3722   28.5980   36.4211
   29.5357  147.9483   61.8191
            0.194856  0.194856  0.000000
    6.3917    3.7652   45.8371  319.9971  722.9558  186.6481
 1169.8520  182.2636  180.1154   32.7078   36.3225  340.5929
    9.6810    3.0448   10.6665    2.2008   40.4906   35.2216
   30.5255  196.5618   36.3115
            0.173205  0.173205  0.000000
    5.2341    4.4179   40.9717  256.9706  189.1426  656.3473
 1121.2998  139.2170  248.8843   39.3819   19.4116  321.0820
    8.4201    1.7828   11.1982    0.6739   36.2040   33.1831
   30.0888  239.4845   17.6227
            0.151554  0.151554  0.000000
    5.4552    4.6996   35.0589  200.4978  207.1859  643.3330
  932.7535  138.5612  444.0859   40.2405   15.0640  284.3719
    9.4660    2.3933   11.5635   -0.6917   26.9387   30.2218
   26.8787  282.6408   26.7925
            0.129904  0.129904  0.000000
    7.4542    4.3853   29.8035  155.4390  245.5648  750.5073
  249.0772  558.7096  862.1893   35.4646   20.4708  236.6885
   12.1991    5.1709   13.1550   -1.2461   22.6473   26.6183
   21.1266  341.4254   85.9200
            0.108253  0.108253  0.000000
   10.0340    3.5491   25.5675  120.1668  270.0780 1031.0128
  303.8508  558.2922 1265.6930   27.8734   29.8035  183.9579
   10.3655   16.3119   17.0102   -0.9206   22.5787   24.8117
   14.3837  432.3595  208.8194
            0.086603  0.086603  0.000000
   11.1257    2.4669   21.3666   90.0721  221.8620  184.4384
 1491.8272 1126.5092 1683.0404   20.1265   35.8563  129.4710
   17.8616   21.9657   23.1650   -0.3176   17.8365   27.7872
    8.5834  561.8946  392.0210
            0.064952  0.064952  0.000000
    9.4533    1.4336   15.8868   62.1177  124.7822  111.5667
 2072.2199 1861.9460 2182.9006   13.3096   33.0941   78.0264
   26.8436   29.0914   30.6073   -0.2743   12.6239   25.6896
    5.1016  718.5009  610.3789
            0.043301  0.043301  0.000000
    5.5824    0.6400    8.9881   37.2201   53.1207   59.0100
 2649.5136 2561.1270 2695.8135    7.6106   21.4938   36.7616
   35.6738   36.5948   37.7121   -1.1802    8.2818   17.8582
    4.1501  872.8761  820.6668
            0.021651  0.021651  0.000000
    1.6480    0.1592    2.6445   19.3913   21.1052   24.8784
 3076.3045 3055.1965 3086.9796    3.5178    7.9633   10.7707
   42.2260   42.4390   42.8060   -2.5169    5.8450    8.9951
    4.6949  987.1235  973.4357
            0.000000  0.000000  0.000000
   -0.0000   -0.0000   -0.0000   12.8632   12.8632   12.8632
 3233.7102 3233.7102 3233.7102    1.9816    1.9816    1.9816
   44.6552   44.6552   44.6552   -3.1663    5.1428    5.1428
    5.1428 1029.3561 1029.3561
            0.021651  0.021651  0.021651
    0.9494    0.9494    4.5626   23.0821   23.0821   33.6312
 3005.9415 3005.9415 2972.5743    6.4878    6.4878   16.7660
   41.1685   41.1685   41.9808   -2.2208    9.1795    9.1795
    2.8649  956.4377  956.4377
            0.043301  0.043301  0.043301
    3.0592    3.0592   13.8687   50.6396   50.6396  134.2540
 2424.2576 2424.2576 2251.2474   17.0293   17.0293   51.4815
   32.3657   32.3657   34.6481   -0.4726   16.9858   16.9858
   -1.6750  765.5443  765.5443
            0.064952  0.064952  0.064952
    5.1879    5.1879   19.3470   88.4239   88.4239  528.8486
 1734.8304 1734.8304 1101.2534   27.3468   27.3468   81.7697
   22.1254   22.1254   24.8003    0.4499   19.1726   19.1726
   -3.9742  525.3186  525.3186
            0.086603  0.086603  0.086603
    7.1327    7.1327   16.4473  130.9799  130.9799 1186.8024
 1186.8024  805.4897  189.7117   33.8320   33.8320   85.6039
   14.2285   14.2285   15.5334    0.2474   11.1376   11.1376
   -0.7348  311.0949  311.0949
            0.108253  0.108253  0.108253
    9.5042    9.5042    8.0877  181.3073  181.3073  898.3053
  898.3053  595.4015   18.8741   38.7417   38.7417   63.9048
   10.5697   10.5697    8.8686    0.4997    1.0930    1.0930
    8.5488  172.2874  172.2874
            0.129904  0.129904  0.129904
   12.8143   12.8143    1.4412  252.1624  252.1624  822.8187
  822.8187  448.9693   13.0167   47.0103   47.0103   37.9074
   10.8932   10.8932    3.7762    4.3636    2.7233    2.7233
   21.2167  116.4827  116.4827
            0.151554  0.151554  0.151554
   16.5234   16.5234    1.1132  348.9557  348.9557  833.5314
  833.5314  389.0439   31.9254   60.8767   60.8767   26.7624
   13.7241   13.7241    0.0994   11.5960   19.7675   19.7675
   32.3828  116.3215  116.3215
            0.173205  0.173205  0.173205
   18.9120   18.9120    4.8696  466.2112  466.2112  828.0886
  828.0886  340.4926   76.3059   76.3059   41.4699   34.4995
   17.6075   17.6075    0.8141   17.3876   40.6298   40.6298
   37.3499  133.3198  133.3198
            0.194856  0.194856  0.194856
   18.6820   18.6820    7.1404  604.0763  604.0763  775.1938
  775.1938  273.3194   84.1057   84.1057   34.3151   21.8154
   21.8154    8.1798   51.9969   18.8761   47.0895   47.0895
   34.4458  141.4757  141.4757
            0.216506  0.216506  0.216506
   16.5926   16.5926    5.6874  749.9352  749.9352  719.2439
  719.2439  213.4445   79.6799   79.6799   24.1158   16.6108
   26.1308   26.1308   67.6097   16.5270   30.8536   30.8536
   26.7549  136.4472  136.4472
            0.238157  0.238157  0.238157
   15.0043   15.0043    2.9050  874.6284  874.6284  721.6621
  721.6622  194.4088   69.3745   69.3745   48.1452   30.5552
   30.5552    1.3465   82.8084   14.6043    4.5495    4.5495
   21.6158  130.7191  130.7191
            0.259808  0.259808  0.259808
   15.9425   15.9425    2.0029  947.6877  947.6877  802.0411
  802.0411  213.6705   60.3748   60.3748   76.1377   35.4263
   35.4263   18.2879   96.5815   18.2880   -3.0448   -3.0448
   27.3114  140.3228  140.3228
            0.281458  0.281458  0.281458
   19.2167   19.2167    3.7457  955.0352  955.0352  921.2269
  921.2269  236.2354   56.1709   56.1709  102.1078   40.4248
   40.4248  179.7394   28.8030   13.2095   38.5945   38.5945
   48.1234  166.5980  166.5980
            0.303109  0.303109  0.303109
   22.0751   22.0751    6.4620  935.2227  935.2227  987.7292
  987.7292  229.4861   63.9401   63.9401  121.4385   43.7700
   43.7700  137.1242  137.1242  279.4633   41.1319   25.6144
   81.1048  189.1226  189.1226
            0.324760  0.324760  0.324760
   22.4191   22.4191    8.0438 1005.7456 1005.7456  889.8667
  889.8667  193.4369  104.6444  104.6444  133.0965   42.1489
   42.1489  233.0674  233.0673  371.5712   47.0118   45.9232
  117.0274  188.6073  188.6073
            0.346410  0.346410  0.346410
   21.4175   21.4175    7.6857 1022.5071 1022.5071  855.2070
  855.2070  164.2796  160.4283  160.4283  139.3562   35.5599
   35.5599  243.1908  243.1908  436.1698   41.9189   65.1891
  144.5471  168.7203  168.7203
            0.368061  0.368061  0.368061
   19.8844   19.8844    6.2800 1002.0565 1002.0565  918.3801
  918.3801  191.0646  160.8937  160.8937  143.3277   30.5563
   30.5563  194.7709  194.7709  475.0667   30.4602  154.8938
   75.8852  144.5626  144.5626
            0.389711  0.389711  0.389711
   16.5448   16.5448    5.5327 1069.7656 1069.7656  888.3615
  888.3615  303.8484  141.0997  141.0997  146.3275   25.3081
   25.3081  501.7863  150.5750  150.5750   26.5674  142.6646
   78.8496  126.1198  126.1198
            0.411362  0.411362  0.411362
   11.8033   11.8033    6.5510 1127.1637 1127.1637  813.6774
  813.6774  493.6367  138.3245  138.3245  147.2106   21.8409
   21.8409  522.2757  132.1701  132.1701   91.9439   58.5215
   84.7880  114.0279  114.0279
            0.433013  0.433013  0.433013
    8.8439    8.8439    8.8439 1147.5615 1147.5615  714.4946
  714.4946  714.4946  144.0176  144.0176  144.0176   20.8938
   20.8938  531.2783  134.1926  134.1926  134.1926    0.4376
  102.8622  102.8622  102.8622
            0.411362  0.454663  0.411362
   10.3238    9.4808    9.4808 1123.1334 1123.1334  906.7391
  604.2424  604.2424  136.4962  138.6105  138.6105   21.3331
   21.3331  519.1450  115.9151  141.7759  141.7759    2.4965
  131.2898   90.2305   90.2305
            0.389711  0.476314  0.389711
    9.4362   12.3223   12.3223 1047.8902 1047.8901 1022.2884
  500.9452  500.9452  127.9310  117.4952  117.4952   21.9015
   21.9016  479.5468   97.5109  142.5141  142.5141    1.3341
  162.1116   78.8811   78.8811
            0.368061  0.497965  0.368061
    8.3954   15.3593   15.3593  941.6207  941.6205 1037.1815
  412.0566  412.0566  126.5267   93.3100   93.3099   22.0165
   22.0166   87.7113  411.9331  135.2296  135.2295   -3.0672
  195.6974   67.9073   67.9073
            0.346410  0.519615  0.346410
   10.8393   17.9993   17.9993  843.6881  843.6880  957.6671
  347.6175  347.6176  151.9201   73.4717   73.4716   95.9311
   21.2968   21.2969  318.4515  124.2038  124.2038   -5.1493
  246.8089   55.8615   55.8615
            0.324760  0.541266  0.324760
   16.9000   20.6059   20.6059  780.0445  780.0445  820.4904
  325.0328  325.0329  265.8415   57.1227   57.1227   91.7131
   19.4353   19.4353  222.3840  113.1214  113.1215   -0.9752
  311.6824   44.6570   44.6570
            0.303109  0.562917  0.303109
   24.0406   23.4597   23.4597  749.5021  749.5021  345.5761
  345.5760  510.0895  677.2953   44.1942   49.2535   49.2535
   17.9408   17.9408  172.1576    6.6121  103.6246  103.6247
  349.2823   37.5072   37.5072
            0.281458  0.584567  0.281458
   29.8081   26.3667   26.3667  734.4980  734.4981  774.2385
  395.6101  395.6100  567.8334   30.1649   50.5465   50.5465
   19.7411   19.7411  171.1921   12.6121   96.3125   96.3124
  353.3731   35.7283   35.7283
            0.259808  0.606218  0.259808
   32.8088   28.8473   28.8473 1000.0719  714.1174  714.1174
  461.7481  461.7480  502.0147   29.6225   53.9938   53.9938
   23.7450   23.7450  187.9831   15.7046   91.9013   91.9013
  353.2339   38.1489   38.1489
            0.238157  0.627868  0.238157
   32.7310   30.4925   30.4925 1111.8820  674.8777  674.8778
  533.2177  533.2175  464.1033   29.5421   54.2234   54.2234
   25.8107   25.8107  197.9698   17.6762   90.0638   90.0638
  374.4977   42.2380   42.2380
            0.216506  0.649519  0.216506
   30.3586   31.1507   31.1508 1059.9464  617.7284  617.7286
  596.7779  596.7778  430.3909   27.6773   50.5245   50.5245
   25.3774   25.3774  193.8759   20.3015   88.5268   88.5269
  423.0404   44.9493   44.9493
            0.194856  0.671170  0.194856
   27.4200   30.8288   30.8289  858.7963  555.6465  555.6466
  635.3432  635.3431  387.7862   24.1556   44.7621   44.7622
   26.0549   26.0550  181.6356   23.6904   85.1615   85.1616
   43.5767   43.5768  481.4999
            0.173205  0.692820  0.173205
   29.4667   29.4667   25.7437  582.4408  504.1048  504.1047
  634.7002  634.7002  343.3578   19.6529   38.6514   38.6514
   30.4295   30.4296  170.2403   26.6109   79.9196   79.9197
   37.9579   37.9580  518.9980
            0.151554  0.714471  0.151554
   26.8810   26.8810   26.0719  325.7564  474.0100  474.0099
  591.1795  591.1796  318.8703   14.7220   32.8893   32.8893
   36.8625   36.8625  163.3040   27.7830   73.7524   73.7524
   33.5267   33.5266  511.8146
            0.129904  0.736122  0.129904
   23.0493   23.0493   27.4914  156.8137  456.7792  456.7791
  527.4297  527.4297  335.6168    9.8387   27.1117   27.1116
   41.9132   41.9132   26.8465  157.7389   67.5959   67.5959
   42.1504   42.1504  461.4067
            0.108253  0.757772  0.108253
   27.9600   18.5410   18.5410   89.1001  437.5377  437.5378
  476.8634  476.8636  400.7005    5.8688   19.6580   19.6580
   45.0830   45.0830   24.3796  149.3085   62.8595   62.8595
   78.0372   78.0372  395.2030
            0.086603  0.779423  0.086603
   25.7272   14.4527   14.4527   88.5864  413.8355  413.8359
  458.3011  458.3016  502.7653    3.7495   10.6693   10.6693
   48.2648   48.2648   21.4491  138.0870   61.2342   61.2342
  149.4108  149.4108  349.3197
            0.064952  0.801073  0.064952
   20.8292   11.6838   11.6838  106.6774  375.0974  375.0983
  488.3024  488.3033  617.7219    3.2447    3.4860    3.4860
   52.6506   52.6506   19.2479  128.0813   63.5543   63.5543
  250.3194  250.3194  345.5781
            0.043301  0.822724  0.043301
   15.2786   10.3782   10.3782  113.0667  262.3273  262.3280
  617.3742  617.3749  719.1499    3.0623    0.7603    0.7603
   57.7074   57.7074   18.5045  122.7274   69.0987   69.0987
  378.2209  358.4357  358.4356
            0.021651  0.844375  0.021651
   10.0374   10.0374   11.3539  106.5498  120.9578  120.9577
  781.2353  781.2351  787.0038    2.5690    1.4507    1.4507
   59.8798   59.8798   18.8311  121.6684   76.9810   76.9810
  419.0324  442.0609  442.0609
            0.000000  0.866025  0.000000
   10.0190   10.0190   10.0190  101.6202  101.6202  101.6202
  810.6318  810.6318  810.6318    2.2638    2.2638    2.2638
   19.1312   19.1312   19.1312  121.8920  121.8920  121.8920
  437.0224  473.5703  473.5703
            0.021651  0.844375  0.021651
   10.0374   10.0374   11.3539  106.5498  120.9578  120.9577
  781.2353  781.2351  787.0038    2.5690    1.4507    1.4507
   59.8798   59.8798   18.8311  121.6684   76.9810   76.9810
  419.0324  442.0609  442.0609
            0.043301  0.822724  0.043301
   15.2786   10.3782   10.3782  113.0667  262.3273  262.3280
  617.3742  617.3749  719.1499    3.0623    0.7603    0.7603
   57.7074   57.7074   18.5045  122.7274   69.0987   69.0987
  378.2209  358.4357  358.4356
            0.064952  0.801073  0.064952
   20.8292   11.6838   11.6838  106.6774  375.0974  375.0983
  488.3024  488.3033  617.7219    3.2447    3.4860    3.4860
   52.6506   52.6506   19.2479  128.0813   63.5543   63.5543
  250.3194  250.3194  345.5781
            0.086603  0.779423  0.086603
   25.7272   14.4527   14.4527   88.5864  413.8355  413.8359
  458.3011  458.3016  502.7653    3.7495   10.6693   10.6693
   48.2648   48.2648   21.4491  138.0870   61.2342   61.2342
  149.4108  149.4108  349.3197
            0.108253  0.757772  0.108253
   27.9600   18.5410   18.5410   89.1001  437.5377  437.5378
  476.8634  476.8636  400.7005    5.8688   19.6580   19.6580
   45.0830   45.0830   24.3796  149.3085   62.8595   62.8595
   78.0372   78.0372  395.2030
            0.129904  0.736122  0.129904
   23.0493   23.0493   27.4914  156.8137  456.7792  456.7791
  527.4297  527.4297  335.6168    9.8387   27.1117   27.1116
   41.9132   41.9132   26.8465  157.7389   67.5959   67.5959
   42.1504   42.1504  461.4067
            0.151554  0.714471  0.151554
   26.8810   26.8810   26.0719  325.7564  474.0100  474.0099
  591.1795  591.1796  318.8703   14.7220   32.8893   32.8893
   36.8625   36.8625  163.3040   27.7830   73.7524   73.7524
   33.5267   33.5266  511.8146
            0.173205  0.692820  0.173205
   29.4667   29.4667   25.7437  582.4408  504.1048  504.1047
  634.7002  634.7002  343.3578   19.6529   38.6514   38.6514
   30.4295   30.4296  170.2403   26.6109   79.9196   79.9197
   37.9579   37.9580  518.9980
            0.194856  0.671170  0.194856
   27.4200   30.8288   30.8289  858.7963  555.6465  555.6466
  635.3432  635.3431  387.7862   24.1556   44.7621   44.7622
   26.0549   26.0550  181.6356   23.6904   85.1615   85.1616
   43.5767   43.5768  481.4999
            0.216506  0.649519  0.216506
   30.3586   31.1507   31.1508 1059.9464  617.7284  617.7286
  596.7779  596.7778  430.3909   27.6773   50.5245   50.5245
   25.3774   25.3774  193.8759   20.3015   88.5268   88.5269
  423.0404   44.9493   44.9493
            0.238157  0.627868  0.238157
   32.7310   30.4925   30.4925 1111.8820  674.8777  674.8778
  533.2177  533.2175  464.1033   29.5421   54.2234   54.2234
   25.8107   25.8107  197.9698   17.6762   90.0638   90.0638
  374.4977   42.2380   42.2380
            0.259808  0.606218  0.259808
   32.8088   28.8473   28.8473 1000.0719  714.1174  714.1174
  461.7481  461.7480  502.0147   29.6225   53.9938   53.9938
   23.7450   23.7450  187.9831   15.7046   91.9013   91.9013
  353.2339   38.1489   38.1489
            0.281458  0.584567  0.281458
   29.8081   26.3667   26.3667  734.4980  734.4981  774.2385
  395.6101  395.6100  567.8334   30.1649   50.5465   50.5465
   19.7411   19.7411  171.1921   12.6121   96.3125   96.3124
  353.3731   35.7283   35.7283
            0.303109  0.562917  0.303109
   24.0406   23.4597   23.4597  749.5021  749.5021  345.5761
  345.5760  510.0895  677.2953   44.1942   49.2535   49.2535
   17.9408   17.9408  172.1576    6.6121  103.6246  103.6247
  349.2823   37.5072   37.5072
            0.324760  0.541266  0.324760
   16.9000   20.6059   20.6059  780.0445  780.0445  820.4904
  325.0328  325.0329  265.8415   57.1227   57.1227   91.7131
   19.4353   19.4353  222.3840  113.1214  113.1215   -0.9752
  311.6824   44.6570   44.6570
            0.346410  0.519615  0.346410
   10.8393   17.9993   17.9993  843.6881  843.6880  957.6671
  347.6175  347.6176  151.9201   73.4717   73.4716   95.9311
   21.2968   21.2969  318.4515  124.2038  124.2038   -5.1493
  246.8089   55.8615   55.8615
            0.368061  0.497965  0.368061
    8.3954   15.3593   15.3593  941.6207  941.6205 1037.1815
  412.0566  412.0566  126.5267   93.3100   93.3099   22.0165
   22.0166   87.7113  411.9331  135.2296  135.2295   -3.0672
  195.6974   67.9073   67.9073
            0.389711  0.476314  0.389711
    9.4362   12.3223   12.3223 1047.8902 1047.8901 1022.2884
  500.9452  500.9452  127.9310  117.4952  117.4952   21.9015
   21.9016  479.5468   97.5109  142.5141  142.5141    1.3341
  162.1116   78.8811   78.8811
            0.411362  0.454663  0.411362
   10.3238    9.4808    9.4808 1123.1334 1123.1334  906.7391
  604.2424  604.2424  136.4962  138.6105  138.6105   21.3331
   21.3331  519.1450  115.9151  141.7759  141.7759    2.4965
  131.2898   90.2305   90.2305
            0.433013  0.433013  0.433013
    8.8439    8.8439    8.8439 1147.5615 1147.5615  714.4946
  714.4946  714.4946  144.0176  144.0176  144.0176   20.8938
   20.8938  531.2783  134.1926  134.1926  134.1926    0.4376
  102.8622  102.8622  102.8622
            0.433013  0.433013  0.411362
    9.9140   10.0708    7.6880 1148.1361 1132.2457  815.8022
  714.0613  604.9150  139.2646  143.2338  144.7390   21.5895
   20.8565  527.5629  128.3709  131.6495  141.5824    3.2092
  104.7685   90.3602  114.6652
            0.433013  0.433013  0.389711
   10.6443   13.4002    6.6907 1149.2525 1088.5460  894.3273
  713.2788  502.6624  131.5936  141.6723  141.4656   24.5686
   20.8092  516.1530  129.5166  124.5652  145.7987   10.9137
  110.1745   78.4002  125.7639
            0.433013  0.433013  0.368061
   10.8404   17.8943    6.0471 1149.6539 1022.9147  939.9591
  713.2417  419.8623  125.1162  141.2085  134.5740   29.8662
   20.9299  498.7171  141.8534  114.6186  145.1338   21.7206
  118.1665   69.1008  135.8110
            0.433013  0.433013  0.346410
   10.4560   22.3458    5.8793 1148.5759  945.2490  948.7271
  714.7177  361.6877  128.4096  143.5069  124.5524   37.1537
   21.4377  166.4057  477.8730  104.2921  141.1092   32.9930
  127.3586   64.2172  143.4827
            0.433013  0.433013  0.324760
    9.6293   25.6786    6.2185 1146.4517  867.7814  923.0827
  717.6495  328.5861  150.8652  148.4881  111.9746   46.6471
   22.4400  198.8678  455.6020   95.7410  136.1164   42.4582
  136.2078   64.5316  147.5763
            0.433013  0.433013  0.303109
    8.6119   27.2700    7.0031 1144.7602  803.1993  870.8857
  721.4222  323.4692  192.5787  153.6282   97.6156   58.8408
  230.7404   23.7789  432.8470   89.7396  131.5264   49.2986
  143.4708   69.8355  147.4385
            0.433013  0.433013  0.281458
   27.0641    7.6430    8.0994 1145.4045  761.1771  803.2761
  725.5058  350.5309  240.9704  155.3454   82.7145   74.1373
  254.9875   25.0585  409.5218   85.7474  126.9814   54.2107
  148.5485   79.0228  142.7230
            0.433013  0.433013  0.259808
   25.4736    6.8707    9.3428 1150.3012  744.4417  402.1379
  731.7921  729.7671  284.1333  151.7964   69.2029  269.6331
   92.3999   25.9175  385.1216   82.7520  120.6440   58.7091
  151.4813   90.1928  133.3195
            0.433013  0.433013  0.238157
   23.1583    6.3486   10.5853 1161.4530  748.0450  458.0205
  665.5749  734.1283  319.5049  143.9671   59.3832  275.2468
  112.5758   26.2981  359.6383   79.9745  110.4221   64.3477
  100.9382  152.6841  119.6337
            0.433013  0.433013  0.216506
   20.7846    6.0683   11.7258 1181.0155  762.8532  497.9122
  609.8417  738.0353  349.6016  134.1666   54.7370  271.8078
  132.7916   26.4122  334.0336   77.0662   72.1007   95.7367
  108.8778  152.7263  102.9261
            0.433013  0.433013  0.194856
   18.8371    5.9905   12.7182 1210.6333  509.6411  780.0504
  566.2155  740.5194  377.9635  124.2996   54.7712  258.3629
  151.2014   26.4864  309.8188   73.9408   81.9584   78.4872
  112.2696  152.2606   85.3100
            0.433013  0.433013  0.173205
   17.5294    6.0656   13.5721 1250.1846  490.5435  794.0060
  534.2278  740.8721  407.9761  115.3018   57.3760  234.0598
  167.3268  288.0213   26.5793   70.5172   92.8386   62.0756
  110.4476  151.9718   69.2909
            0.433013  0.433013  0.151554
   16.8171    6.2438   14.3555 1297.0848  445.8533  803.0921
  512.7390  739.0508  441.9854  107.3387   60.4120  199.3557
  183.1926  268.1581   26.5891   66.5965  102.8339   49.3440
  103.9124  152.4385   57.1139
            0.433013  0.433013  0.129904
   16.4834    6.4806   15.1793 1346.9244  385.7294  808.8917
  500.5599  735.3147  479.9210  100.1941   62.8101  157.1543
  203.6559  247.5973   26.4016   61.9649  109.6971   41.3399
   94.0705  153.9594   50.2480
            0.433013  0.433013  0.108253
   16.2529    6.7390   16.1430 1394.9540  321.6678  814.3736
  496.3433  729.6532  518.5712   93.6280   64.5010  113.1199
  235.2613  221.8533   26.0922   56.6261  111.4838   82.7773
   37.5172  156.4679   49.1164
            0.433013  0.433013  0.086603
   15.9026    6.9899   17.2679 1437.3804  263.2061  821.8326
  498.2395  721.8178  553.1041   87.6168   65.8010   73.9445
  281.6903  187.9431   25.9938   50.9381  107.3523   71.8646
   36.6076  159.5921   53.0084
            0.433013  0.433013  0.064952
   15.3478    7.2105   18.4629 1471.8408  216.0993  831.5405
  503.7997  712.4058  580.0085   82.3979   66.9419  336.0054
   44.2540  150.8194   26.4351   45.5308   98.3295   62.7568
   37.3274  162.8050   60.1617
            0.433013  0.433013  0.043301
   14.6776    7.3828   19.5460 1497.1091  182.5538  841.6908
  510.3002  706.0618  598.4020   78.3383  380.3880   67.9317
   25.0435  121.1095   27.3490   41.0954   87.4308   56.2370
   38.6437  165.5695   68.0904
            0.433013  0.433013  0.021651
   14.1148    7.4926   20.3068 1512.5383  162.7296  849.4428
  515.3050  608.9413  724.6834   75.7676  385.1735   68.6303
   14.8030  103.9438   28.2533   38.1998   78.6533   52.4592
   39.7808  167.4329   74.1872
            0.433013  0.433013  0.000000
   13.8938    7.5304   20.5810 1517.7318  156.1950  852.3446
  517.1655  612.3668  812.9562  304.5988   74.8889   68.8844
   11.6499   98.5439   28.6257   37.1956   75.3058   51.2407
   40.2222  168.0902   76.4669
