 &plot nbnd=  21, nks= 141 /
            0.000000  0.000000  0.000000
   -0.0000   -0.0000    0.0000 1027.1772 1027.1772 1027.1772
 1140.4268 1140.4268 1140.4268 1367.0439 1367.0439 1367.0439
 1478.4363 1478.4363 1478.4363 1532.3585 1670.9869 1670.9869
 1670.9869 2116.4119 2116.4119
            0.000000  0.043301  0.000000
   37.4553   37.4553   81.3771 1031.4387 1031.4387 1037.5385
 1130.0681 1151.1988 1151.1988 1365.9469 1366.3298 1366.3298
 1477.5648 1477.5648 1478.3030 1529.4542 1671.3085 1671.3085
 1673.8857 2111.7151 2117.6146
            0.000000  0.086603  0.000000
   72.8773   72.8774  160.3585 1042.1349 1042.1350 1064.7499
 1111.5503 1175.0727 1175.0728 1361.4458 1365.1494 1365.1495
 1474.9145 1474.9145 1478.0044 1523.4736 1671.6826 1671.6826
 1678.6481 2097.5540 2119.2696
            0.000000  0.129904  0.000000
  105.3693  105.3694  234.7850 1053.9272 1053.9273 1100.5050
 1106.7251 1195.4739 1195.4739 1351.6374 1365.4452 1365.4452
 1470.6546 1470.6547 1477.8163 1517.3105 1671.1007 1671.1007
 1681.1119 2074.7430 2117.9946
            0.000000  0.173205  0.000000
  134.8644  134.8644  302.1539 1060.5985 1060.5985 1116.8050
 1137.2851 1203.6453 1203.6453 1337.0535 1367.7376 1367.7376
 1465.3801 1465.3802 1478.0482 1510.4380 1669.3440 1669.3440
 1683.6238 2045.5355 2112.9488
            0.000000  0.216506  0.000000
  160.8004  160.8004  359.2701 1057.7463 1057.7463 1117.4615
 1168.8267 1204.4416 1204.4416 1322.0050 1370.2597 1370.2597
 1459.6708 1459.6709 1478.7645 1502.1927 1666.9414 1666.9414
 1687.4629 2012.1238 2106.1238
            0.000000  0.259808  0.000000
  181.6991  181.6992  403.3915 1045.1903 1045.1903 1085.6429
 1185.1092 1207.2056 1207.2056 1316.3809 1370.9580 1370.9580
 1453.5843 1453.5843 1479.5797 1494.2501 1664.0513 1664.0514
 1680.4613 1975.5626 2099.0433
            0.000000  0.303109  0.000000
  196.3462  196.3462  434.1284 1023.2946 1026.0833 1026.0833
 1175.7409 1215.0882 1215.0883 1333.4763 1368.9786 1368.9786
 1446.9382 1446.9382 1479.8350 1488.4254 1635.6260 1659.8495
 1659.8496 1939.2801 2090.7113
            0.000000  0.346410  0.000000
  205.2566  205.2566  453.7132  956.3602 1002.5965 1002.5965
 1155.6854 1224.6769 1224.6770 1364.7576 1364.7576 1372.0916
 1440.1517 1440.1517 1479.1497 1481.6625 1530.0021 1653.2530
 1653.2530 1911.1842 2079.7276
            0.000000  0.389711  0.000000
  210.9941  210.9942  464.9910  912.2704  976.6014  976.6015
 1158.7717 1230.8160 1230.8160 1359.1697 1359.1697 1361.0320
 1424.9919 1434.4647 1434.4647 1477.8891 1481.1206 1644.2007
 1644.2007 1892.6787 2067.2466
            0.000000  0.433013  0.000000
  216.9258  216.9258  469.5138  897.3606  952.5889  952.5889
 1186.0405 1208.4726 1230.1455 1230.1455 1352.9931 1352.9931
 1431.2815 1431.2815 1471.2251 1477.0344 1488.7313 1633.8716
 1633.8716 1880.5631 2056.2867
            0.000000  0.476314  0.000000
  225.0778  225.0778  467.5679  900.7035  935.7795  935.7796
 1050.9193 1221.3286 1221.3286 1293.2534 1347.6792 1347.6792
 1431.1981 1431.1981 1459.9029 1477.4527 1561.8960 1623.4469
 1623.4469 1874.6012 2047.9064
            0.000000  0.519615  0.000000
  235.1912  235.1912  459.2048  913.6527  928.4956  928.4957
  980.9082 1203.3455 1203.3455 1345.2352 1345.2352 1374.8395
 1433.3884 1433.3884 1448.0862 1479.1777 1612.7889 1612.7889
 1642.4410 1875.6961 2039.0130
            0.000000  0.562917  0.000000
  246.0222  246.0222  444.6804  929.3795  929.3795  933.4474
  956.2069 1174.9683 1174.9683 1346.4829 1346.4830 1427.6363
 1435.2358 1436.1099 1436.1099 1481.3668 1600.5865 1600.5865
 1720.0607 1882.3345 2025.1504
            0.000000  0.606218  0.000000
  256.9505  256.9505  424.3230  934.2844  934.2844  943.8481
  952.9450 1136.0347 1136.0347 1350.5473 1350.5473 1420.7666
 1438.1456 1438.1456 1453.0935 1482.9820 1585.9263 1585.9263
 1782.3103 1890.1663 2005.3988
            0.000000  0.649519  0.000000
  267.9910  267.9910  398.8451  931.0180  937.7090  937.7090
  959.8649 1089.0094 1089.0094 1355.8615 1355.8615 1406.1961
 1439.9626 1439.9626 1463.2570 1483.5717 1569.4675 1569.4675
 1828.4697 1895.5752 1983.6439
            0.000000  0.692820  0.000000
  278.5924  278.5924  370.2262  922.0278  935.6962  935.6962
  949.1364 1039.1557 1039.1558 1360.9657 1360.9657 1393.9050
 1443.2866 1443.2866 1469.5427 1483.4887 1552.7507 1552.7508
 1864.4810 1899.6936 1964.8999
            0.000000  0.736122  0.000000
  287.1930  287.1930  341.8491  919.3038  928.6152  928.6152
  930.5722  992.7346  992.7347 1365.0460 1365.0460 1384.6490
 1449.5068 1449.5068 1476.9747 1483.4298 1536.4876 1536.4876
 1893.8541 1907.4267 1951.2544
            0.000000  0.779423  0.000000
  292.3969  292.3969  317.4979  917.8252  919.5765  920.2854
  920.2854  955.2366  955.2366 1367.9571 1367.9571 1377.5461
 1458.9542 1458.9542 1483.7771 1483.8284 1520.1702 1520.1702
 1915.9090 1921.0644 1942.3145
            0.000000  0.822724  0.000000
  294.3856  294.3856  300.7578  914.3309  914.3309  914.4168
  920.0063  930.8615  930.8615 1369.7190 1369.7190 1372.3448
 1471.4244 1471.4244 1484.3286 1487.6784 1503.4209 1503.4209
 1926.3321 1935.5261 1939.9203
            0.000000  0.866025  0.000000
  294.7283  294.7283  294.7283  912.3229  912.3229  912.3229
  922.3443  922.3443  922.3443 1370.3108 1370.3108 1370.3108
 1484.5949 1484.5949 1484.5949 1488.7388 1488.7388 1488.7388
 1926.9589 1941.8242 1941.8242
            0.021651  0.844375  0.000000
  294.5781  296.1466  296.2341  911.1784  913.2404  915.5244
  923.1306  924.4653  926.6463 1370.0167 1370.2901 1371.0669
 1475.3734 1475.4284 1484.6701 1488.7846 1498.1714 1498.4554
 1927.0574 1939.0713 1939.9540
            0.043301  0.822724  0.000000
  293.8266  300.2616  300.5105  907.3550  915.2974  924.1129
  926.1527  931.2178  939.1506 1369.1640 1370.0018 1373.1979
 1465.1492 1465.4081 1484.8703 1488.8522 1508.8441 1510.1456
 1925.5582 1933.1520 1934.5862
            0.064952  0.801073  0.000000
  291.8675  306.7365  306.8735  899.5881  917.0795  932.8861
  935.7893  943.5463  958.7147 1367.8432 1368.9350 1376.3959
 1456.0078 1456.4887 1485.1449 1488.7787 1518.3161 1521.8769
 1915.9753 1926.3791 1931.9608
            0.086603  0.779423  0.000000
  288.4353  314.3181  315.2015  885.6806  918.7469  943.5210
  948.5786  962.3772  983.5981 1366.1974 1366.6798 1380.3918
 1448.2693 1448.6873 1485.4675 1488.4222 1526.1787 1533.5865
 1902.5006 1916.2278 1933.0120
            0.108253  0.757772  0.000000
  284.0541  321.7402  325.3403  863.0156  921.6807  957.0140
  961.8014  987.9924 1011.8220 1363.2399 1364.3910 1385.0773
 1441.7969 1442.3254 1485.8561 1487.7662 1532.5391 1545.3263
 1888.4961 1905.0350 1934.3003
            0.129904  0.736122  0.000000
  279.8925  328.2166  336.8335  830.0726  926.8379  971.8200
  975.9372 1019.7019 1041.3809 1359.0251 1362.5658 1390.4355
 1435.5763 1438.7319 1486.3374 1486.9497 1537.8037 1557.0847
 1874.3969 1893.4752 1935.9397
            0.151554  0.714471  0.000000
  277.1289  333.1921  349.2467  788.7591  933.7906  986.0292
  991.6648 1055.9470 1070.1889 1354.5836 1360.8063 1396.3303
 1429.8958 1437.9749 1486.2552 1486.8696 1542.2593 1568.6986
 1859.2468 1881.8048 1938.5452
            0.173205  0.692820  0.000000
  276.3248  336.4480  362.0285  746.4547  940.5223  997.8250
 1008.6190 1094.6755 1096.1234 1350.3423 1359.1367 1402.2985
 1424.7788 1440.1149 1486.1083 1487.2885 1545.6879 1579.8967
 1841.7736 1869.7993 1942.4803
            0.194856  0.671170  0.000000
  277.2392  337.9352  374.6746  715.9389  944.3617 1006.1684
 1024.6107 1117.4386 1133.7803 1346.5089 1357.5613 1407.5204
 1420.3335 1444.7245 1486.9972 1487.3527 1547.2913 1590.4294
 1821.4697 1856.8573 1947.3379
            0.216506  0.649519  0.000000
  279.1226  337.6915  386.8602  711.3025  943.6862 1011.2693
 1035.8721 1133.4240 1171.4850 1343.1718 1356.1143 1411.0608
 1416.6254 1451.1255 1486.8783 1489.1378 1546.0558 1600.1502
 1798.9416 1842.2108 1952.0693
            0.238157  0.627868  0.000000
  281.1926  335.9439  398.3284  740.3946  939.3947 1014.4686
 1038.3486 1144.7868 1206.5736 1340.5329 1354.8670 1412.1533
 1413.5814 1458.5622 1485.8522 1491.9871 1541.4172 1608.9603
 1775.5860 1825.1698 1955.4721
            0.259808  0.606218  0.000000
  282.9556  333.2530  408.8932  799.9134  935.0860 1017.4468
 1029.4184 1153.2936 1238.3136 1339.0382 1353.9105 1410.1988
 1410.9993 1466.1081 1484.4339 1493.9742 1533.9124 1616.7088
 1753.0475 1805.3619 1956.6183
            0.281458  0.584567  0.000000
  284.2431  330.4700  418.5876  878.5795  935.4483 1009.0123
 1021.1323 1160.8592 1266.0671 1339.1781 1353.3521 1404.6828
 1408.6749 1472.3414 1482.8708 1492.4820 1525.6580 1623.2145
 1732.8439 1782.8809 1955.1192
            0.303109  0.562917  0.000000
  285.0597  328.4959  427.4531  943.5576  964.0991  979.7635
 1025.0331 1168.4908 1288.9231 1340.9409 1353.3010 1395.3735
 1406.5575 1475.3810 1481.4063 1483.9940 1520.3005 1628.4064
 1716.4113 1758.2039 1951.2067
            0.324760  0.541266  0.000000
  285.4298  328.0684  435.3030  946.5702  958.8991 1027.5493
 1047.2571 1175.5310 1305.7950 1343.2202 1353.8265 1382.5379
 1404.7920 1465.1397 1475.5374 1480.2219 1520.3275 1632.4188
 1705.1482 1731.8708 1945.6022
            0.346410  0.519615  0.000000
  285.3574  329.6541  441.7893  915.5196  977.6502 1027.1318
 1122.4051 1179.9947 1316.0702 1343.9387 1354.9116 1366.7597
 1403.5564 1435.4379 1477.6595 1479.4109 1524.1561 1635.5314
 1699.5590 1704.1544 1939.2556
            0.368061  0.497965  0.000000
  284.8890  333.2195  446.6370  891.9981  994.9093 1023.5658
 1180.0987 1186.3363 1320.3443 1341.5234 1348.3165 1356.4094
 1400.0820 1402.8319 1478.9698 1485.9669 1529.5848 1638.0091
 1675.0175 1698.4116 1933.1202
            0.389711  0.476314  0.000000
  284.1941  337.8634  449.8176  878.4749 1006.7280 1018.8786
 1176.0082 1236.9804 1320.5293 1326.9124 1336.0510 1358.0036
 1369.6267 1402.4261 1478.8052 1499.5093 1536.9908 1639.9510
 1644.5356 1699.4892 1928.0399
            0.411362  0.454663  0.000000
  283.5688  341.8513  451.5396  873.3044 1009.3750 1018.4350
 1170.5836 1272.3866 1306.7358 1319.1739 1328.4731 1351.9953
 1359.2440 1402.1972 1478.7806 1511.3948 1550.4378 1614.0842
 1641.2519 1700.8685 1924.6922
            0.433013  0.433013  0.000000
  283.3168  343.4263  452.0733  872.3390 1008.3279 1019.7401
 1168.0598 1287.1330 1298.3372 1318.4388 1323.1694 1346.5180
 1359.7144 1402.1188 1478.7858 1515.3693 1564.6167 1594.3118
 1641.7173 1701.4418 1923.5239
            0.411362  0.411362  0.000000
  282.5842  342.7316  451.6309  895.7665 1010.3504 1014.0940
 1156.4347 1286.2407 1314.4845 1317.3063 1325.5944 1344.9462
 1360.9091 1402.5785 1478.8563 1515.6876 1570.8712 1586.3227
 1642.1528 1711.2465 1925.0699
            0.389711  0.389711  0.000000
  280.5464  340.6112  451.0697  953.4641  999.3828 1016.0577
 1128.2437 1301.1217 1314.3486 1324.9217 1343.5097 1346.8727
 1364.0875 1403.9678 1479.1180 1515.2668 1568.3528 1587.2364
 1643.3278 1734.8630 1929.6177
            0.368061  0.368061  0.000000
  277.5458  336.9981  451.1231  981.6618 1018.4085 1024.5031
 1095.4080 1310.5829 1316.8868 1333.0712 1355.5205 1368.2853
 1378.2761 1406.2942 1479.6456 1513.0819 1548.1954 1607.9569
 1644.9620 1765.0861 1936.9067
            0.346410  0.346410  0.000000
  273.7926  331.8810  451.3228  968.8238 1034.4772 1066.5735
 1069.3831 1307.0053 1307.4875 1365.3438 1366.9151 1372.4231
 1409.5037 1420.3752 1480.4115 1509.4471 1531.1373 1628.4092
 1646.8431 1798.5877 1946.5602
            0.324760  0.324760  0.000000
  269.1178  325.3395  450.6150  967.3923 1044.8302 1045.6053
 1101.4195 1299.0339 1304.0059 1374.9553 1375.6208 1389.5304
 1413.4411 1453.8301 1481.2499 1504.9035 1529.7171 1646.7903
 1648.9266 1833.5234 1958.1821
            0.303109  0.303109  0.000000
  263.0015  317.4614  447.9832  979.3633 1032.5281 1054.6261
 1119.8339 1292.2131 1300.9952 1377.2923 1384.5729 1400.0954
 1417.9150 1452.4864 1481.9248 1499.9830 1556.1878 1651.2571
 1662.8824 1868.0375 1971.4048
            0.281458  0.281458  0.000000
  254.8489  308.1882  442.6509 1001.1870 1025.3026 1063.0841
 1131.5127 1287.2444 1296.5151 1377.0557 1394.6394 1395.7647
 1422.8289 1438.8522 1482.2326 1495.2778 1585.1168 1653.8371
 1676.7469 1900.3275 1985.8435
            0.259808  0.259808  0.000000
  244.2810  297.2162  434.0738 1021.5817 1025.7990 1069.4112
 1141.1940 1284.2287 1288.7839 1374.8022 1375.3179 1405.3384
 1427.5344 1428.2100 1482.0810 1491.4769 1605.7068 1656.5953
 1688.1492 1929.5393 2001.0491
            0.238157  0.238157  0.000000
  231.2517  284.0572  421.9003 1019.6818 1046.3339 1072.7415
 1150.8860 1276.2872 1283.3654 1345.8610 1371.1185 1416.4478
 1417.0260 1434.0808 1481.5207 1489.2734 1619.8456 1659.4432
 1696.5954 1956.0084 2016.5612
            0.216506  0.216506  0.000000
  216.0067  268.2494  405.9302 1018.6350 1059.3312 1072.4093
 1160.7285 1258.4401 1285.0649 1313.2205 1367.3663 1406.8604
 1427.4491 1440.3035 1480.7311 1489.1563 1630.9970 1662.2862
 1701.6735 1980.5467 2032.0307
            0.194856  0.194856  0.000000
  198.9939  249.6085  385.9672 1017.8498 1065.9523 1068.5678
 1170.0382 1236.3422 1280.9296 1289.8169 1364.7602 1398.4225
 1437.7704 1446.5608 1479.9560 1491.1915 1641.3900 1664.9845
 1703.3948 2003.7030 2047.2749
            0.173205  0.173205  0.000000
  180.7593  228.3665  361.5942 1016.9707 1062.7346 1070.7350
 1177.4669 1212.5427 1251.9168 1297.8021 1363.5190 1392.1376
 1447.0064 1452.4901 1479.3978 1494.9529 1651.5315 1667.3774
 1702.3074 2025.5205 2062.1670
            0.151554  0.151554  0.000000
  161.7623  205.0856  332.1343 1016.0177 1057.4207 1078.5397
 1179.6286 1189.6562 1229.1334 1308.5284 1363.1321 1387.3207
 1454.9834 1457.8468 1479.1268 1499.7283 1660.6699 1669.3451
 1699.3078 2045.6679 2076.4117
            0.129904  0.129904  0.000000
  142.1478  180.3617  296.9563 1015.4394 1054.3928 1091.4566
 1169.5839 1170.2081 1215.7233 1320.8396 1363.0835 1383.0898
 1461.6712 1462.5750 1479.0723 1504.9046 1667.6914 1670.8083
 1695.2738 2063.7045 2089.3951
            0.108253  0.108253  0.000000
  121.7003  154.4803  255.9250 1015.8485 1052.7848 1107.6702
 1148.7737 1154.0103 1207.3681 1333.3077 1363.2256 1379.0304
 1466.7514 1467.0970 1479.0908 1510.2209 1671.7124 1671.9413
 1690.7609 2079.2998 2100.2749
            0.086603  0.086603  0.000000
  100.0680  127.2694  209.6723 1017.5958 1049.5442 1120.3301
 1122.9837 1144.5268 1195.8321 1344.6885 1363.6867 1375.2267
 1470.4562 1471.3347 1479.0557 1515.6987 1672.0645 1673.5690
 1685.9604 2092.2973 2108.3122
            0.064952  0.064952  0.000000
   77.0053   98.2806  159.5163 1020.4698 1043.0592 1088.4733
 1133.7385 1140.8529 1179.2106 1354.1459 1364.5617 1371.9228
 1473.6611 1474.4993 1478.9148 1521.3288 1671.9620 1673.3632
 1680.9552 2102.6281 2113.2669
            0.043301  0.043301  0.000000
   52.4591   67.1930  107.0573 1023.6939 1035.2998 1058.0020
 1138.9590 1140.2756 1160.7160 1361.2006 1365.6880 1369.3247
 1476.2049 1476.7005 1478.7030 1526.6964 1671.5799 1672.3398
 1676.1294 2110.1952 2115.6023
            0.021651  0.021651  0.000000
   26.6197   34.1772   53.6404 1026.2217 1029.3548 1035.5202
 1140.3482 1140.3842 1146.0338 1365.5642 1366.6589 1367.6346
 1477.8602 1478.0039 1478.5126 1530.7923 1671.1659 1671.3688
 1672.4143 2114.8415 2116.3152
            0.000000  0.000000  0.000000
   -0.0000   -0.0000    0.0000 1027.1772 1027.1772 1027.1772
 1140.4268 1140.4268 1140.4268 1367.0439 1367.0439 1367.0439
 1478.4363 1478.4363 1478.4363 1532.3585 1670.9869 1670.9869
 1670.9869 2116.4119 2116.4119
            0.021651  0.021651  0.021651
   39.0741   39.0741   63.7682 1027.2820 1027.2820 1041.0860
 1142.9994 1142.9994 1143.1323 1365.3788 1365.3788 1368.4774
 1477.6451 1477.6451 1478.6258 1530.0259 1671.4671 1671.4671
 1673.0068 2115.1594 2115.1594
            0.043301  0.043301  0.043301
   77.0364   77.0365  126.6039 1027.3495 1027.3495 1076.4998
 1146.9875 1146.9875 1150.2588 1360.6282 1360.6282 1372.7000
 1475.3575 1475.3575 1479.1246 1524.0614 1672.7510 1672.7510
 1678.0743 2111.1116 2111.1116
            0.064952  0.064952  0.064952
  112.5979  112.5979  187.2700 1026.6898 1026.6898 1115.2868
 1144.6871 1144.6871 1163.7857 1353.3906 1353.3906 1379.4562
 1471.8112 1471.8112 1479.6954 1516.4556 1674.2298 1674.2298
 1684.3536 2103.5831 2103.5831
            0.086603  0.086603  0.086603
  144.5484  144.5484  243.8704 1024.2279 1024.2279 1131.7396
 1131.7396 1133.3021 1194.4527 1344.4247 1344.4247 1388.2797
 1467.3270 1467.3270 1479.8608 1508.6534 1674.5764 1674.5764
 1690.7621 2091.8703 2091.8703
            0.108253  0.108253  0.108253
  172.2380  172.2380  294.1599 1018.3323 1018.3323 1111.9995
 1111.9995 1137.8490 1231.8848 1334.6635 1334.6635 1398.6314
 1462.1997 1462.1997 1478.7857 1501.4575 1671.9504 1671.9504
 1697.2173 2075.5899 2075.5899
            0.129904  0.129904  0.129904
  195.9009  195.9009  336.5451 1006.4105 1006.4105 1095.7389
 1095.7389 1144.0635 1267.2205 1325.3405 1325.3405 1410.3212
 1456.6289 1456.6289 1475.0300 1495.9638 1665.0529 1665.0529
 1703.9159 2054.9076 2054.9076
            0.151554  0.151554  0.151554
  216.6111  216.6111  370.9316  985.5725  985.5725 1091.2907
 1091.2907 1157.6615 1302.9618 1317.9362 1317.9362 1423.7644
 1450.7625 1450.7625 1467.1836 1493.5720 1654.2107 1654.2107
 1710.5340 2030.5267 2030.5267
            0.173205  0.173205  0.173205
  235.6586  235.6586  398.5449  954.6974  954.6974 1096.8154
 1096.8154 1177.5642 1313.6436 1313.6436 1342.6349 1439.6288
 1444.8135 1444.8135 1455.5333 1494.3824 1641.3689 1641.3689
 1715.9708 2003.3380 2003.3380
            0.194856  0.194856  0.194856
  253.5814  253.5814  420.6566  915.7565  915.7565 1101.4722
 1101.4722 1197.7518 1312.4703 1312.4703 1386.6147 1439.1725
 1439.1725 1440.8604 1458.1601 1497.9444 1628.7068 1628.7068
 1718.7686 1973.9852 1973.9852
            0.216506  0.216506  0.216506
  269.8004  269.8004  437.3508  875.6730  875.6730 1093.0192
 1093.0192 1211.6035 1313.3238 1313.3238 1423.5382 1431.9954
 1434.4083 1434.4083 1478.6121 1503.8030 1616.6497 1616.6497
 1717.7956 1942.6338 1942.6338
            0.238157  0.238157  0.238157
  283.2850  283.2850  447.5443  846.6641  846.6641 1065.5257
 1065.5257 1216.4737 1315.4581 1315.4581 1404.1626 1431.0182
 1431.0182 1474.8511 1499.0101 1511.1673 1602.8460 1602.8460
 1712.6343 1908.9278 1908.9278
            0.259808  0.259808  0.259808
  293.5838  293.5838  450.1178  842.0552  842.0552 1024.5452
 1024.5452 1215.4744 1318.5294 1318.5294 1384.0901 1429.1776
 1429.1776 1511.7518 1517.3591 1519.1124 1583.1250 1583.1250
 1703.5134 1872.3552 1872.3552
            0.281458  0.281458  0.281458
  301.4013  301.4013  445.0793  867.4656  867.4656  986.4996
  986.4996 1215.2019 1321.2544 1321.2544 1365.1873 1428.8958
 1428.8958 1527.0175 1527.1511 1546.1468 1554.0747 1554.0747
 1691.0440 1833.3909 1833.3909
            0.303109  0.303109  0.303109
  308.2616  308.2616  433.9570  911.2331  911.2331  971.9943
  971.9943 1220.6525 1320.5100 1320.5100 1348.9197 1430.2674
 1430.2674 1517.5070 1517.5070 1531.2314 1535.4955 1573.9196
 1676.0081 1794.3282 1794.3282
            0.324760  0.324760  0.324760
  315.2672  315.2672  419.2799  945.4772  945.4772  993.9790
  993.9790 1230.7157 1311.1819 1311.1819 1335.5799 1433.4040
 1433.4040 1486.3680 1486.3680 1527.8200 1544.6253 1597.6848
 1659.1965 1757.9428 1757.9428
            0.346410  0.346410  0.346410
  322.5091  322.5091  403.5236  972.6434  972.6434 1016.4001
 1016.4001 1237.7039 1294.9222 1294.9222 1324.3311 1437.6621
 1437.6621 1478.1987 1478.1987 1517.5316 1554.4663 1617.5862
 1641.2357 1725.5858 1725.5858
            0.368061  0.368061  0.368061
  329.9364  329.9364  388.2368  982.5711  982.5711 1025.5684
 1025.5684 1231.3460 1285.4169 1285.4169 1313.9853 1441.9650
 1441.9650 1492.4353 1492.4353 1502.0749 1563.9508 1622.4316
 1633.4521 1697.5922 1697.5922
            0.389711  0.389711  0.389711
  337.5559  337.5559  373.9569  956.7217  956.7217 1050.8339
 1050.8339 1204.7140 1283.9178 1283.9178 1303.8952 1446.0232
 1446.0232 1484.8910 1515.3444 1515.3444 1571.3373 1602.8032
 1644.7996 1674.7182 1674.7182
            0.411362  0.411362  0.411362
  344.6693  344.6693  360.9462  931.0514  931.0514 1078.7202
 1078.7202 1159.1341 1284.3989 1284.3989 1294.3714 1448.9607
 1448.9607 1471.0376 1537.1487 1537.1487 1572.5251 1584.7756
 1651.1491 1658.7997 1658.7998
            0.433013  0.433013  0.433013
  350.1809  350.1809  350.1809  921.3142  921.3142 1105.6645
 1105.6645 1105.6645 1286.3647 1286.3647 1286.3647 1450.0027
 1450.0027 1465.5914 1553.3440 1553.3440 1553.3440 1581.6912
 1652.8185 1652.8185 1652.8185
            0.411362  0.454663  0.411362
  343.5026  353.8484  353.8484  930.9722  930.9723 1061.8311
 1129.6080 1129.6081 1280.6095 1291.9383 1291.9383 1449.0534
 1449.0535 1471.4294 1525.8603 1561.9646 1561.9646 1581.3556
 1651.5412 1659.4917 1659.4917
            0.389711  0.476314  0.389711
  341.8789  356.4033  356.4033  955.6739  955.6739 1044.0760
 1148.7178 1148.7178 1276.8115 1301.5173 1301.5173 1446.6962
 1446.6962 1487.7170 1493.4981 1564.4073 1564.4073 1579.7485
 1650.1098 1677.5723 1677.5723
            0.368061  0.497965  0.368061
  343.4470  358.5412  358.5412  984.2324  984.2324 1058.7859
 1163.1781 1163.1782 1273.2719 1313.8255 1313.8255 1443.9762
 1443.9763 1454.4441 1510.0065 1564.0347 1564.0347 1576.4219
 1651.4638 1702.3116 1702.3116
            0.346410  0.519615  0.346410
  344.9565  360.3094  360.3094 1006.4177 1006.4177 1098.3713
 1172.1069 1172.1069 1266.1048 1328.2337 1328.2337 1406.3175
 1442.1266 1442.1266 1531.1262 1562.9405 1562.9405 1570.8017
 1658.7625 1728.9617 1728.9617
            0.324760  0.541266  0.324760
  344.6948  361.3598  361.3598 1020.1708 1020.1709 1146.7062
 1173.5006 1173.5006 1243.2765 1343.1443 1343.1443 1353.8366
 1442.1177 1442.1177 1542.6514 1561.9060 1561.9060 1562.7450
 1675.9136 1753.9815 1753.9815
            0.303109  0.562917  0.303109
  343.0223  361.4376  361.4376 1028.9010 1028.9010 1168.0416
 1168.0416 1175.2981 1188.5261 1320.9974 1355.1318 1355.1318
 1443.9345 1443.9345 1540.6515 1553.0504 1561.2502 1561.2502
 1703.7127 1775.5048 1775.5048
            0.281458  0.584567  0.281458
  341.3477  360.5672  360.5672 1035.4960 1035.4960 1058.4593
 1157.7097 1157.7098 1214.9006 1311.5770 1362.5968 1362.5968
 1446.3667 1446.3667 1529.2476 1542.9427 1561.0991 1561.0991
 1737.3915 1793.4305 1793.4305
            0.259808  0.606218  0.259808
  341.0409  358.8731  358.8731  915.5325 1039.7141 1039.7141
 1143.1549 1143.1549 1223.4808 1311.8492 1366.6030 1366.6031
 1447.9904 1447.9905 1515.5015 1533.2119 1561.3648 1561.3649
 1771.6392 1808.7549 1808.7549
            0.238157  0.627868  0.238157
  342.5023  356.3136  356.3137  772.2196 1038.6785 1038.6786
 1124.0464 1124.0464 1216.5614 1316.4621 1368.9490 1368.9490
 1447.8252 1447.8252 1504.8167 1524.0225 1561.8605 1561.8606
 1803.4839 1822.5516 1822.5517
            0.216506  0.649519  0.216506
  344.6382  352.6354  352.6354  662.3264 1029.5668 1029.5669
 1100.3895 1100.3895 1198.9209 1323.0008 1371.0758 1371.0758
 1445.2931 1445.2931 1498.9606 1515.3248 1562.2700 1562.2700
 1831.9512 1835.2987 1835.2987
            0.194856  0.671170  0.194856
  345.2741  347.5900  347.5900  618.2404 1012.6463 1012.6464
 1073.2194 1073.2195 1175.1708 1329.8617 1373.7139 1373.7140
 1440.6073 1440.6073 1496.6009 1507.2826 1561.9265 1561.9266
 1846.9052 1846.9052 1857.0304
            0.173205  0.692820  0.173205
  341.2040  341.2040  342.4658  643.0793  991.2081  991.2081
 1045.4192 1045.4192 1147.5729 1336.2130 1376.6321 1376.6321
 1435.2357 1435.2358 1495.5587 1500.3505 1560.0287 1560.0287
 1857.2638 1857.2638 1878.7848
            0.151554  0.714471  0.151554
  333.8843  333.8843  335.7921  705.7880  969.1157  969.1158
 1021.3188 1021.3188 1116.0653 1342.0312 1378.6936 1378.6936
 1431.6043 1431.6043 1494.5370 1494.9992 1556.2163 1556.2163
 1866.8065 1866.8066 1896.9136
            0.129904  0.736122  0.129904
  326.2602  326.2602  326.6963  772.8353  950.4281  950.4281
 1002.5853 1002.5853 1080.1644 1347.7529 1378.9041 1378.9041
 1431.6750 1431.6750 1491.3514 1493.3750 1550.6911 1550.6911
 1876.6008 1876.6008 1910.8688
            0.108253  0.757772  0.108253
  317.5807  318.8352  318.8352  826.5990  938.2510  938.2511
  986.4923  986.4924 1041.0068 1353.6735 1377.6738 1377.6738
 1435.4723 1435.4723 1489.0581 1492.3557 1543.7687 1543.7687
 1887.8487 1887.8488 1920.3146
            0.086603  0.779423  0.086603
  310.1627  311.8064  311.8064  863.4039  931.9444  931.9444
  969.6870  969.6871 1002.0418 1359.4994 1375.9896 1375.9896
 1441.9316 1441.9316 1487.5437 1491.5519 1535.4738 1535.4738
 1901.0569 1901.0569 1925.5353
            0.064952  0.801073  0.064952
  304.4921  305.3229  305.3229  886.6967  927.9051  927.9051
  951.5704  951.5705  967.9295 1364.4617 1374.2115 1374.2115
 1450.4178 1450.4178 1486.3813 1490.7647 1525.5633 1525.5633
 1915.4056 1915.4056 1927.5167
            0.043301  0.822724  0.043301
  299.8005  299.8336  299.8336  901.1617  922.7456  922.7456
  935.1647  935.1647  942.4770 1367.9115 1372.3970 1372.3970
 1460.8160 1460.8160 1485.4487 1489.8711 1513.8795 1513.8795
 1927.6440 1928.7532 1928.7533
            0.021651  0.844375  0.021651
  296.0738  296.0738  296.1699  909.5106  915.8158  915.8158
  925.2986  925.2986  927.3073 1369.7589 1370.9039 1370.9039
 1472.9732 1472.9732 1484.8190 1489.0696 1500.7380 1500.7380
 1927.1930 1938.3314 1938.3315
            0.000000  0.866025  0.000000
  294.7283  294.7283  294.7283  912.3229  912.3229  912.3229
  922.3443  922.3443  922.3443 1370.3108 1370.3108 1370.3108
 1484.5949 1484.5949 1484.5949 1488.7388 1488.7388 1488.7388
 1926.9589 1941.8242 1941.8242
            0.021651  0.844375  0.021651
  296.0738  296.0738  296.1699  909.5106  915.8158  915.8158
  925.2986  925.2986  927.3073 1369.7589 1370.9039 1370.9039
 1472.9732 1472.9732 1484.8190 1489.0696 1500.7380 1500.7380
 1927.1930 1938.3314 1938.3315
            0.043301  0.822724  0.043301
  299.8005  299.8336  299.8336  901.1617  922.7456  922.7456
  935.1647  935.1647  942.4770 1367.9115 1372.3970 1372.3970
 1460.8160 1460.8160 1485.4487 1489.8711 1513.8795 1513.8795
 1927.6440 1928.7532 1928.7533
            0.064952  0.801073  0.064952
  304.4921  305.3229  305.3229  886.6967  927.9051  927.9051
  951.5704  951.5705  967.9295 1364.4617 1374.2115 1374.2115
 1450.4178 1450.4178 1486.3813 1490.7647 1525.5633 1525.5633
 1915.4056 1915.4056 1927.5167
            0.086603  0.779423  0.086603
  310.1627  311.8064  311.8064  863.4039  931.9444  931.9444
  969.6870  969.6871 1002.0418 1359.4994 1375.9896 1375.9896
 1441.9316 1441.9316 1487.5437 1491.5519 1535.4738 1535.4738
 1901.0569 1901.0569 1925.5353
            0.108253  0.757772  0.108253
  317.5807  318.8352  318.8352  826.5990  938.2510  938.2511
  986.4923  986.4924 1041.0068 1353.6735 1377.6738 1377.6738
 1435.4723 1435.4723 1489.0581 1492.3557 1543.7687 1543.7687
 1887.8487 1887.8488 1920.3146
            0.129904  0.736122  0.129904
  326.2602  326.2602  326.6963  772.8353  950.4281  950.4281
 1002.5853 1002.5853 1080.1644 1347.7529 1378.9041 1378.9041
 1431.6750 1431.6750 1491.3514 1493.3750 1550.6911 1550.6911
 1876.6008 1876.6008 1910.8688
            0.151554  0.714471  0.151554
  333.8843  333.8843  335.7921  705.7880  969.1157  969.1158
 1021.3188 1021.3188 1116.0653 1342.0312 1378.6936 1378.6936
 1431.6043 1431.6043 1494.5370 1494.9992 1556.2163 1556.2163
 1866.8065 1866.8066 1896.9136
            0.173205  0.692820  0.173205
  341.2040  341.2040  342.4658  643.0793  991.2081  991.2081
 1045.4192 1045.4192 1147.5729 1336.2130 1376.6321 1376.6321
 1435.2357 1435.2358 1495.5587 1500.3505 1560.0287 1560.0287
 1857.2638 1857.2638 1878.7848
            0.194856  0.671170  0.194856
  345.2741  347.5900  347.5900  618.2404 1012.6463 1012.6464
 1073.2194 1073.2195 1175.1708 1329.8617 1373.7139 1373.7140
 1440.6073 1440.6073 1496.6009 1507.2826 1561.9265 1561.9266
 1846.9052 1846.9052 1857.0304
            0.216506  0.649519  0.216506
  344.6382  352.6354  352.6354  662.3264 1029.5668 1029.5669
 1100.3895 1100.3895 1198.9209 1323.0008 1371.0758 1371.0758
 1445.2931 1445.2931 1498.9606 1515.3248 1562.2700 1562.2700
 1831.9512 1835.2987 1835.2987
            0.238157  0.627868  0.238157
  342.5023  356.3136  356.3137  772.2196 1038.6785 1038.6786
 1124.0464 1124.0464 1216.5614 1316.4621 1368.9490 1368.9490
 1447.8252 1447.8252 1504.8167 1524.0225 1561.8605 1561.8606
 1803.4839 1822.5516 1822.5517
            0.259808  0.606218  0.259808
  341.0409  358.8731  358.8731  915.5325 1039.7141 1039.7141
 1143.1549 1143.1549 1223.4808 1311.8492 1366.6030 1366.6031
 1447.9904 1447.9905 1515.5015 1533.2119 1561.3648 1561.3649
 1771.6392 1808.7549 1808.7549
            0.281458  0.584567  0.281458
  341.3477  360.5672  360.5672 1035.4960 1035.4960 1058.4593
 1157.7097 1157.7098 1214.9006 1311.5770 1362.5968 1362.5968
 1446.3667 1446.3667 1529.2476 1542.9427 1561.0991 1561.0991
 1737.3915 1793.4305 1793.4305
            0.303109  0.562917  0.303109
  343.0223  361.4376  361.4376 1028.9010 1028.9010 1168.0416
 1168.0416 1175.2981 1188.5261 1320.9974 1355.1318 1355.1318
 1443.9345 1443.9345 1540.6515 1553.0504 1561.2502 1561.2502
 1703.7127 1775.5048 1775.5048
            0.324760  0.541266  0.324760
  344.6948  361.3598  361.3598 1020.1708 1020.1709 1146.7062
 1173.5006 1173.5006 1243.2765 1343.1443 1343.1443 1353.8366
 1442.1177 1442.1177 1542.6514 1561.9060 1561.9060 1562.7450
 1675.9136 1753.9815 1753.9815
            0.346410  0.519615  0.346410
  344.9565  360.3094  360.3094 1006.4177 1006.4177 1098.3713
 1172.1069 1172.1069 1266.1048 1328.2337 1328.2337 1406.3175
 1442.1266 1442.1266 1531.1262 1562.9405 1562.9405 1570.8017
 1658.7625 1728.9617 1728.9617
            0.368061  0.497965  0.368061
  343.4470  358.5412  358.5412  984.2324  984.2324 1058.7859
 1163.1781 1163.1782 1273.2719 1313.8255 1313.8255 1443.9762
 1443.9763 1454.4441 1510.0065 1564.0347 1564.0347 1576.4219
 1651.4638 1702.3116 1702.3116
            0.389711  0.476314  0.389711
  341.8789  356.4033  356.4033  955.6739  955.6739 1044.0760
 1148.7178 1148.7178 1276.8115 1301.5173 1301.5173 1446.6962
 1446.6962 1487.7170 1493.4981 1564.4073 1564.4073 1579.7485
 1650.1098 1677.5723 1677.5723
            0.411362  0.454663  0.411362
  343.5026  353.8484  353.8484  930.9722  930.9723 1061.8311
 1129.6080 1129.6081 1280.6095 1291.9383 1291.9383 1449.0534
 1449.0535 1471.4294 1525.8603 1561.9646 1561.9646 1581.3556
 1651.5412 1659.4917 1659.4917
            0.433013  0.433013  0.433013
  350.1809  350.1809  350.1809  921.3142  921.3142 1105.6645
 1105.6645 1105.6645 1286.3647 1286.3647 1286.3647 1450.0027
 1450.0027 1465.5914 1553.3440 1553.3440 1553.3440 1581.6912
 1652.8185 1652.8185 1652.8185
            0.433013  0.433013  0.411362
  345.9872  349.6181  354.9928  920.8527  928.3299 1080.5821
 1106.1659 1130.9080 1283.5104 1286.7669 1290.4450 1449.3607
 1449.9639 1467.4865 1539.1964 1553.1748 1564.0697 1581.7388
 1652.7441 1654.5970 1654.9345
            0.433013  0.433013  0.389711
  342.5343  348.0451  360.3093  919.7845  947.7160 1060.1177
 1107.6863 1152.3471 1281.6958 1287.8978 1295.6283 1447.4560
 1449.8769 1472.6838 1522.1283 1552.6066 1571.1278 1581.9072
 1652.5631 1658.5898 1662.2158
            0.433013  0.433013  0.368061
  339.9244  345.7768  366.0397  918.9027  975.0879 1048.1961
 1110.2901 1167.2177 1280.2487 1289.5971 1301.6620 1444.3980
 1449.8273 1479.8262 1502.7005 1551.4936 1575.0185 1582.2547
 1652.3966 1663.2954 1674.7995
            0.433013  0.433013  0.346410
  338.1978  343.2408  372.1161  919.1074 1004.7666 1047.1473
 1114.1118 1174.0614 1278.1344 1291.7651 1308.2884 1440.3583
 1449.9478 1481.8183 1487.1025 1549.6992 1576.8162 1582.8253
 1652.4233 1667.5426 1691.8041
            0.433013  0.433013  0.324760
  337.3048  340.8537  378.4861  921.0185 1031.3458 1056.9919
 1119.3403 1172.1225 1274.7094 1294.4467 1315.3230 1435.4951
 1450.4014 1460.9687 1492.7783 1547.1943 1577.5368 1583.6008
 1652.8437 1670.4711 1712.0599
            0.433013  0.433013  0.303109
  337.1132  338.8913  385.1010  924.7328 1050.9707 1075.4387
 1126.1472 1160.8857 1270.5780 1297.7278 1322.6690 1429.9241
 1441.9090 1451.3419 1495.6001 1544.0956 1577.9254 1584.4840
 1653.8433 1671.5032 1734.5013
            0.433013  0.433013  0.281458
  337.3930  337.4457  391.9019  929.7573 1062.1201 1098.6496
 1134.6038 1140.9830 1267.2296 1301.5069 1330.2372 1423.7357
 1425.8535 1452.8477 1494.9840 1540.6288 1578.6075 1585.3083
 1655.5706 1670.3370 1758.1887
            0.433013  0.433013  0.259808
  336.1360  338.1206  398.8087  935.0793 1065.6272 1115.4484
 1122.4610 1144.6496 1265.7007 1305.4362 1337.7782 1412.9574
 1417.0461 1454.8706 1490.9958 1537.0546 1580.2194 1585.8520
 1658.1243 1666.9400 1782.2450
            0.433013  0.433013  0.238157
  334.6939  338.9779  405.7177  939.3510 1063.8829 1089.0294
 1143.5583 1156.1131 1266.1291 1309.1449 1344.7409 1402.5960
 1410.0543 1457.2594 1484.1835 1533.5998 1583.3498 1585.8627
 1661.5187 1661.5310 1805.8221
            0.433013  0.433013  0.216506
  332.5628  339.8890  412.5085  941.2031 1059.6826 1066.2108
 1160.1200 1168.7237 1268.1802 1312.4518 1350.3666 1393.9479
 1403.0595 1459.8547 1475.3442 1530.4141 1585.1060 1588.3173
 1654.4602 1665.7180 1828.1202
            0.433013  0.433013  0.194856
  329.3135  340.7586  419.0592  939.6479 1049.7107 1055.2571
 1171.7286 1182.0860 1271.3634 1315.3514 1354.0544 1386.3734
 1396.3973 1462.5693 1465.2980 1527.5593 1583.4374 1594.9702
 1646.2610 1670.5066 1848.4543
            0.433013  0.433013  0.173205
  324.7200  341.5235  425.2591  934.4083 1039.9252 1051.7273
 1178.8177 1195.6910 1275.1222 1317.8820 1355.6812 1379.5544
 1390.3018 1454.7315 1465.3880 1525.0272 1580.8714 1602.7193
 1637.4631 1675.6374 1866.3354
            0.433013  0.433013  0.151554
  318.8328  342.1491  431.0120  925.9976 1035.2362 1049.0418
 1182.1393 1209.0500 1278.8871 1320.0337 1355.5923 1373.4967
 1384.7524 1444.1363 1468.2979 1522.7785 1577.6209 1610.7971
 1628.6030 1680.8187 1881.5175
            0.433013  0.433013  0.129904
  311.9858  342.6258  436.2319  915.5223 1032.9562 1046.3629
 1182.5002 1221.9053 1282.1633 1321.7392 1354.3596 1368.4227
 1379.3767 1433.8567 1471.2054 1520.7845 1574.0809 1618.5280
 1620.1724 1685.7740 1893.9834
            0.433013  0.433013  0.108253
  304.7392  342.9633  440.8373  904.3412 1030.5166 1042.7272
 1180.7178 1234.3703 1284.6327 1322.9182 1352.5544 1364.5755
 1373.4193 1424.2497 1473.8969 1519.0550 1570.7418 1612.5807
 1625.4442 1690.2750 1903.8820
            0.433013  0.433013  0.086603
  297.7690  343.1838  444.7488  893.7386 1026.4409 1037.6845
 1177.6406 1246.8922 1286.2042 1323.5409 1350.6351 1362.0236
 1365.8140 1415.8770 1476.0924 1517.6365 1568.0387 1606.1282
 1631.2672 1694.1503 1911.4543
            0.433013  0.433013  0.064952
  291.7289  343.3152  447.8903  884.7160 1020.7487 1031.6283
 1174.1295 1260.0394 1286.9842 1323.6788 1348.9209 1355.5774
 1360.5948 1409.4097 1477.5891 1516.5757 1566.1980 1601.0012
 1635.8471 1697.2778 1916.9711
            0.433013  0.433013  0.043301
  287.1285  343.3853  450.1929  877.9307 1014.6965 1025.6992
 1170.9798 1274.1648 1287.2106 1323.5113 1342.5618 1347.6068
 1359.9562 1405.1428 1478.3949 1515.8751 1565.1739 1597.2966
 1639.1182 1699.5711 1920.6911
            0.433013  0.433013  0.021651
  284.2784  343.4174  451.5998  873.7487 1010.0624 1021.3429
 1168.8236 1287.1771 1288.7950 1323.2745 1328.0482 1346.7925
 1359.7507 1402.8361 1478.7138 1515.4904 1564.7301 1595.0597
 1641.0699 1700.9711 1922.8281
            0.433013  0.433013  0.000000
  283.3168  343.4263  452.0733  872.3390 1008.3279 1019.7401
 1168.0598 1287.1330 1298.3372 1318.4388 1323.1694 1346.5180
 1359.7144 1402.1188 1478.7858 1515.3693 1564.6167 1594.3118
 1641.7173 1701.4418 1923.5239
