       1
 -0.0000 -0.0000 -0.0000  0.0064  0.0064  0.0064  7.4171  7.4171  7.4171
  0.0008  0.0008  0.0008  0.0720  0.0720  0.0720  0.0023  0.0036  0.0036
  0.0036  2.3750  2.3750
       2
  0.0056  0.0056  0.0030  0.0211  0.0211  0.0282  6.3225  6.5493  6.5493
  0.0079  0.0164  0.0164  0.0621  0.0621  0.0611  0.0040  0.0082  0.0082
  0.0067  2.1410  2.0372
       3
  0.0153  0.0153  0.0113  0.0640  0.0640  0.0806  3.9501  4.4559  4.4559
  0.0317  0.0653  0.0653  0.0415  0.0415  0.0370  0.0041  0.0217  0.0217
  0.0296  1.5620  1.2762
       4
  0.0197  0.0197  0.0217  0.1150  0.1150  0.1305  2.0899  2.2808  2.2808
  0.0673  0.1279  0.1279  0.0247  0.0247  0.0170  0.0019  0.0357  0.0357
  0.0709  0.9120  0.6043
       5
  0.0182  0.0182  0.0292  0.1358  0.1358  1.6521  0.1461  0.9367  0.9367
  0.0913  0.1619  0.1619  0.0146  0.0146  0.0102  0.0037  0.0339  0.0339
  0.0826  0.4209  0.3301
       6
  0.0157  0.0157  0.0313  0.1206  0.1206  2.0334  0.1263  0.5016  0.5016
  0.0847  0.1653  0.1653  0.0074  0.0074  0.0115  0.0112  0.0139  0.0139
  0.0292  0.1510  0.3595
       7
  0.0156  0.0156  0.0305  0.1091  0.1091  2.1320  0.1191  0.4788  0.4788
  0.0647  0.1532  0.1532  0.0050  0.0050  0.0113  0.0189 -0.0078 -0.0078
 -0.0484  0.0466  0.4145
       8
  0.0174  0.0174  0.0305  1.6452  0.1046  0.1046  0.1981  0.4697  0.4697
  0.0705  0.1402  0.1402  0.0127  0.0127  0.0072  0.0211 -0.0395 -0.0162
 -0.0162  0.0386  0.3640
       9
  0.0190  0.0190  0.0321  1.1707  0.1035  0.1035  0.3853  0.4046  0.4046
  0.1351  0.1351  0.1176  0.0285  0.0285  0.0051  0.0200  0.1627 -0.0083
 -0.0083  0.0576  0.2976
      10
  0.0207  0.0207  0.0339  1.2456  0.1192  0.1192  0.5977  0.3635  0.3635
  0.1246  0.1246  0.4926  0.1756  0.0419  0.0419  0.0095  0.0313  0.0089
  0.0089  0.0727  0.3320
      11
  0.0227  0.0227  0.0343  1.6643  0.1375  0.1375  0.7945  0.6893  0.3773
  0.3773  0.0983  0.0983  0.0423  0.0423  0.0205  0.0174  0.2100  0.0234
  0.0234  0.0770  0.4420
      12
  0.0238  0.0238  0.0322  1.8433  0.1375  0.1375  0.8786  0.3933  0.3933
  0.5793  0.0701  0.0701  0.0315  0.0315  0.0199  0.0223  0.2277  0.0234
  0.0234  0.0690  0.5057
      13
  0.0236  0.0236  0.0270  1.5918  0.1237  0.1237  0.7419  0.3842  0.3842
  0.0526  0.0526  0.3582  0.0242  0.0242  0.0201  0.0211  0.0091  0.0091
  0.2454  0.0675  0.4599
      14
  0.0238  0.0238  0.0201  0.1150  0.1150  1.2626  0.5014  0.3853  0.3853
  0.0384  0.0384  0.2041  0.0169  0.0270  0.0270  0.0171 -0.0005 -0.0005
  0.2606  0.0836  0.3526
      15
  0.0254  0.0254  0.0137  0.1196  0.1196  0.2809  1.2085  0.4044  0.4044
  0.0254  0.0254  0.0130  0.0298  0.0298  0.1653  0.0142  0.0113  0.0113
  0.2961  0.0941  0.2628
      16
  0.0256  0.0256  0.0096  0.1334  0.1269  0.1269  1.3537  0.4105  0.4105
  0.0150  0.0150  0.0096  0.0225  0.0225  0.1823  0.0134  0.0356  0.0356
  0.3414  0.0733  0.2203
      17
  0.0212  0.0212  0.0078  0.0560  0.1257  0.1257  1.3901  0.4084  0.4084
  0.0041  0.0041  0.0031  0.0140  0.0140  0.1913  0.0133  0.0493  0.0493
  0.3670  0.0504  0.2178
      18
  0.0142  0.0142  0.0074  0.0348  0.1195  0.1195  1.2162  0.4622  0.4622
 -0.0065 -0.0065 -0.0051  0.0229  0.0229  0.1731  0.0139  0.0466  0.0466
  0.3819  0.0983  0.2624
      19
  0.0099  0.0099  0.0082  0.0580  1.0041  0.1163  0.1163  0.6161  0.6161
 -0.0095 -0.0095 -0.0070  0.0510  0.0510  0.0159  0.1500  0.0471  0.0471
  0.4092  0.2479  0.3668
      20
  0.0100  0.0100  0.0099  0.1188  0.1188  0.0988  0.9059  0.8037  0.8037
 -0.0024 -0.0024 -0.0011  0.0729  0.0729  0.0188  0.1410  0.0673  0.0673
  0.4565  0.4269  0.4801
      21
  0.0108  0.0108  0.0108  0.1188  0.1188  0.1188  0.8916  0.8916  0.8916
  0.0031  0.0031  0.0031  0.0203  0.0203  0.0203  0.1405  0.1405  0.1405
  0.5037  0.5078  0.5078
      22
  0.0103  0.0098  0.0108  0.1137  0.1241  0.1171  0.8630  0.8723  0.8424
  0.0001 -0.0006  0.0015  0.0759  0.0724  0.0199  0.1369  0.0776  0.0771
  0.4760  0.4729  0.4889
      23
  0.0096  0.0075  0.0108  0.1004  0.1657  0.1187  0.7611  0.8185  0.7142
 -0.0061 -0.0082 -0.0016  0.0779  0.0681  0.0188  0.1287  0.0584  0.0531
  0.4041  0.3805  0.4385
      24
  0.0104  0.0052  0.0111  0.0858  0.2344  0.6177  0.1281  0.7415  0.5656
 -0.0095 -0.0119 -0.0026  0.0682  0.0518  0.0170  0.1219  0.0507  0.0369
  0.2819  0.3724  0.2956
      25
  0.0134  0.0127  0.0045  0.0851  0.2626  0.5225  0.1532  0.6552  0.4505
 -0.0053 -0.0054  0.0004  0.0541  0.0333  0.0147  0.1217  0.0559  0.0322
  0.1629  0.3078  0.2317
      26
  0.0181  0.0163  0.0056  0.1198  0.2644  0.4719  0.2062  0.5718  0.3849
  0.0113  0.0065  0.0061  0.0192  0.0412  0.0123  0.1290  0.0704  0.0389
  0.0763  0.2554  0.2053
      27
  0.0226  0.0225  0.0077  0.2089  0.2600  0.4423  0.2836  0.4982  0.3578
  0.0304  0.0210  0.0108  0.0125  0.0341  0.0104  0.1401  0.0863  0.0513
  0.0367  0.2163  0.2112
      28
  0.0250  0.0308  0.0092  0.3574  0.2571  0.4182  0.3662  0.4363  0.3488
  0.0424  0.0312  0.0119  0.0123  0.0345  0.1498  0.0093  0.0951  0.0615
  0.0444  0.1852  0.2252
      29
  0.0246  0.0402  0.0094  0.5470  0.2612  0.3916  0.4332  0.3844  0.3437
  0.0424  0.0327  0.0102  0.0153  0.0401  0.1543  0.0091  0.0938  0.0633
  0.0845  0.1562  0.2240
      30
  0.0221  0.0493  0.0086  0.7377  0.2787  0.3628  0.4737  0.3411  0.3392
  0.0333  0.0258  0.0109  0.0183  0.0458  0.1514  0.0103  0.0860  0.0553
  0.1354  0.1274  0.1973
      31
  0.0188  0.0571  0.0084  0.8809  0.3129  0.3385  0.4902  0.3482  0.2977
  0.0223  0.0153  0.0180  0.0198  0.0479  0.0130  0.1411  0.0793  0.0410
  0.1806  0.1020  0.1494
      32
  0.0158  0.0631  0.0094  0.9389  0.3623  0.3251  0.4960  0.3685  0.2573
  0.0161  0.0071  0.0286  0.0201  0.0474  0.0166  0.1283  0.0786  0.0262
  0.2117  0.0845  0.0946
      33
  0.0136  0.0666  0.0109  0.9028  0.4205  0.3221  0.5093  0.3936  0.2175
  0.0169  0.0048  0.0365  0.0208  0.0492  0.0202  0.1210  0.0820  0.0165
  0.2254  0.0769  0.0507
      34
  0.0121  0.0671  0.0117  0.7974  0.4793  0.5472  0.3226  0.4083  0.1815
  0.0224  0.0082  0.0405  0.0228  0.0603  0.0227  0.1278  0.0799  0.0141
  0.2209  0.0757  0.0290
      35
  0.0111  0.0646  0.0119  0.5323  0.6691  0.6201  0.3193  0.4041  0.1566
  0.0295  0.0142  0.0474  0.0268  0.0824  0.0240  0.1579  0.0629  0.0181
  0.1999  0.0747  0.0291
      36
  0.0103  0.0592  0.0121  0.7309  0.5766  0.3109  0.5643  0.3873  0.1516
  0.0398  0.0193  0.0701  0.0333  0.2157  0.0962  0.0241  0.0403  0.0251
  0.1694  0.0702  0.0410
      37
  0.0102  0.0509  0.0131  0.8752  0.6093  0.3057  0.5067  0.3744  0.1704
  0.0594  0.0212  0.1305  0.0433  0.2837  0.0844  0.0238  0.0254  0.0321
  0.1427  0.0642  0.0524
      38
  0.0109  0.0392  0.0151  1.0405  0.6148  0.3276  0.3778  0.4897  0.2090
  0.0870  0.2752  0.0198  0.2990  0.0574  0.0238  0.0616  0.0165  0.0369
  0.0616  0.1314  0.0561
      39
  0.0121  0.0247  0.0176  1.2035  0.4939  0.4776  0.3948  0.4914  0.2554
  0.5468  0.1098  0.0165  0.1867  0.0729  0.0243  0.0502  0.0146  0.0391
  0.0636  0.1358  0.0520
      40
  0.0134  0.0117  0.0197  1.3287  0.1631  0.8325  0.4110  0.5085  0.7830
  0.2934  0.1060  0.0698  0.0134  0.0849  0.0251  0.0448  0.0324  0.0625
  0.0396  0.1463  0.0454
      41
  0.0140  0.0064  0.0205  1.3767  0.1350  0.8703  0.4166  0.5493  0.8589
  0.3081  0.0679  0.0386  0.0121  0.0894  0.0254  0.0398  0.0589  0.0500
  0.0396  0.1515  0.0423
      42
  0.0142  0.0061  0.0231  1.3166  0.1314  0.8854  0.4301  0.6915  0.6981
  0.3037  0.0630  0.0349  0.0215  0.0874  0.0258  0.0331  0.0597  0.0678
  0.0403  0.1442  0.0435
      43
  0.0146  0.0054  0.0270  1.1645  0.9196  0.1227  0.4564  0.7395  0.2924
  0.0475  0.5861  0.0329  0.0431  0.0811  0.0264  0.0229  0.0953  0.0570
  0.0420  0.1386  0.0453
      44
  0.0140  0.0045  0.0293  0.9473  0.9997  0.1137  0.4725  0.2747  0.0344
  0.7366  0.0308  0.0662  0.4472  0.0706  0.0257  0.0172  0.1087  0.0515
  0.0427  0.1374  0.0454
      45
  0.0123  0.0038  0.0308  0.9466  0.1109  0.4660  0.9134  0.2489  0.0269
  0.0282  0.6777  0.0853  0.0571  0.2557  0.0227  0.0154  0.1082  0.0476
  0.0409  0.1247  0.0447
      46
  0.0100  0.0035  0.0330  0.9147  0.1189  0.4362  0.9295  0.0210  0.2192
  0.0266  0.1006  0.5443  0.0431  0.1058  0.0175  0.0151  0.0781  0.0449
  0.0372  0.0880  0.0483
      47
  0.0084  0.0033  0.0367  0.8699  0.3893  0.1375  1.0127  0.0152  0.1986
  0.1137  0.0246  0.3711  0.0303  0.1166  0.0112  0.0148 -0.0213  0.0343
  0.0406  0.0344  0.0618
      48
  0.0081  0.0031  0.0426  0.8348  0.3336  0.1604  1.1316  0.0095  0.2005
  0.1223  0.0210  0.1863  0.0198  0.2145  0.0059  0.0133 -0.0680  0.0350
  0.0341 -0.0093  0.0837
      49
  0.0088  0.0028  0.0502  0.2763  0.8127  0.1782  1.2739  0.0063  0.2224
  0.1160  0.0905  0.0158  0.2932  0.0118  0.0035  0.0103 -0.0507  0.0383
  0.0277 -0.0173  0.1009
      50
  0.0087  0.0026  0.0572  0.2215  0.7720  0.1811  1.4228  0.2325  0.0083
  0.0872  0.0845  0.0103  0.3407  0.0062  0.0043  0.0064 -0.0072  0.0401
  0.0248  0.0149  0.0916
      51
  0.0063  0.0028  0.0605  0.1721  0.6573  0.1582  1.5380  0.1750  0.0161
  0.1203  0.0380  0.3804  0.0058  0.0028  0.0068  0.0024  0.0284  0.0370
  0.0273  0.0701  0.0365
      52
  0.0010  0.0034  0.0582  0.1303  0.4337  0.1005  1.5670  0.0202  0.1660
  0.0266  0.0012  0.3990  0.0030  0.0006  0.0085 -0.0010  0.0395  0.0299
  0.0334  0.1254 -0.0635
      53
 -0.0047  0.0040  0.0516  0.0982  0.0192  0.1456  1.4737 -0.1816  0.2321
  0.0348 -0.0130  0.3848  0.0016 -0.0010  0.0082 -0.0029  0.0304  0.0227
  0.0380  0.1716 -0.1746
      54
 -0.0066  0.0042  0.0441  0.0763 -0.0264 -0.0516  1.2079 -0.3098  0.4335
  0.0363 -0.0083  0.3414  0.0015 -0.0019  0.0064 -0.0029  0.0186  0.0190
  0.0360  0.2287 -0.2307
      55
 -0.0022  0.0036  0.0385  0.0623  0.0404  0.0762 -0.1968  0.7352  0.9739
  0.0304  0.0063  0.2855  0.0035 -0.0006  0.0058 -0.0011  0.0179  0.0208
  0.0262  0.3448 -0.1530
      56
  0.0065  0.0026  0.0349  0.0522  0.1883  0.7455  0.3973  0.3950  1.7312
  0.0204  0.0224  0.2283  0.0051  0.0094  0.0095  0.0017  0.0256  0.0275
  0.0119  0.5735  0.1170
      57
  0.0136  0.0014  0.0312  0.0422  0.2394  0.2319  2.0293  1.6951  2.8137
  0.0107  0.0334  0.1664  0.0165  0.0203  0.0196  0.0045  0.0271  0.0359
 -0.0007  0.9389  0.5835
      58
  0.0146  0.0005  0.0247  0.0307  0.1471  0.1329  3.7647  3.5715  4.2601
  0.0042  0.0338  0.1009  0.0332  0.0359  0.0353  0.0060  0.0216  0.0341
 -0.0066  1.4068  1.1787
      59
  0.0097  0.0001  0.0147  0.0189  0.0539  0.0645  5.5586  5.4883  5.7925
  0.0014  0.0227  0.0458  0.0516  0.0531  0.0528  0.0054  0.0126  0.0224
 -0.0048  1.8829  1.7728
      60
  0.0030 -0.0000  0.0044  0.0098  0.0148  0.0214  6.9129  6.8987  6.9730
  0.0008  0.0078  0.0119  0.0664  0.0668  0.0667  0.0034  0.0059  0.0092
  0.0007  2.2414  2.2126
      61
 -0.0000 -0.0000 -0.0000  0.0064  0.0064  0.0064  7.4171  7.4171  7.4171
  0.0008  0.0008  0.0008  0.0720  0.0720  0.0720  0.0023  0.0036  0.0036
  0.0036  2.3750  2.3750
      62
  0.0014  0.0014  0.0079  0.0133  0.0133  0.0346  6.7003  6.7003  6.6753
  0.0043  0.0043  0.0199  0.0639  0.0639  0.0643  0.0039  0.0102  0.0102
 -0.0025  2.1555  2.1555
      63
  0.0041  0.0041  0.0230  0.0321  0.0321  0.1857  4.8832  4.8832  4.6986
  0.0126  0.0126  0.0627  0.0440  0.0440  0.0447  0.0066  0.0235  0.0235
 -0.0147  1.5897  1.5897
      64
  0.0056  0.0056  0.0290  0.0585  0.0585  0.7682  2.7736  2.7736  1.9462
  0.0208  0.0208  0.0928  0.0224  0.0224  0.0218  0.0073  0.0270  0.0270
 -0.0216  0.9035  0.9035
      65
  0.0060  0.0060  0.0186  0.0901  0.0901  1.1889  1.1889  0.8358  0.1545
  0.0259  0.0259  0.0806  0.0078  0.0078  0.0051  0.0053  0.0102  0.0102
 -0.0164  0.3366  0.3366
      66
  0.0070  0.0070 -0.0000  0.1299  0.1299  0.5148  0.5148  0.2231 -0.1098
  0.0295  0.0295  0.0402  0.0033  0.0033 -0.0006  0.0017 -0.0112 -0.0112
  0.0002  0.0292  0.0292
      67
  0.0106  0.0106 -0.0112  0.1958  0.1958  0.5785  0.5785  0.0437 -0.0633
  0.0352  0.0352  0.0139  0.0064  0.0064  0.0004  0.0006 -0.0113 -0.0113
  0.0207 -0.0252 -0.0252
      68
  0.0163  0.0163 -0.0066  0.3154  0.3154  0.8815  0.8815  0.1672  0.0211
  0.0464  0.0464  0.0243  0.0123  0.0123 -0.0015  0.0067  0.0148  0.0148
  0.0356  0.0578  0.0578
      69
  0.0206  0.0206  0.0053  0.4724  0.4724  1.0166  1.0166  0.2848  0.0606
  0.0606  0.0671  0.0596  0.0170  0.0170 -0.0043  0.0142  0.0458  0.0458
  0.0388  0.1446  0.1446
      70
  0.0199  0.0199  0.0105  0.6394  0.6394  0.8830  0.8830  0.2617  0.0667
  0.0667  0.0582  0.0198  0.0198  0.0001  0.0849  0.0171  0.0525  0.0525
  0.0304  0.1624  0.1624
      71
  0.0152  0.0152  0.0052  0.8014  0.8014  0.6431  0.6431  0.1689  0.0621
  0.0621  0.0180  0.0166  0.0208  0.0208  0.0642  0.0160  0.0223  0.0223
  0.0161  0.1200  0.1200
      72
  0.0112  0.0112 -0.0023  0.9330  0.9330  0.5342  0.5342  0.1314  0.0567
  0.0567  0.0496  0.0206  0.0206 -0.0134 -0.0043  0.0159 -0.0247 -0.0247
  0.0051  0.0740  0.0740
      73
  0.0123  0.0123 -0.0039  1.0032  1.0032  0.6668  0.6668  0.1819  0.0508
  0.0508  0.0867  0.0213  0.0213  0.0047 -0.0763  0.0219 -0.0462 -0.0462
  0.0076  0.0766  0.0766
      74
  0.0189  0.0189  0.0013  0.9915  0.9915  0.9455  0.9455  0.2515  0.0440
  0.0440  0.1170  0.0244  0.0244 -0.0179  0.0343 -0.0120 -0.0013 -0.0013
  0.0301  0.1312  0.1312
      75
  0.0256  0.0256  0.0081  0.9304  0.9304  1.1429  1.1429  0.2571  0.0496
  0.0496  0.1334  0.0280  0.0280  0.1202  0.1202  0.0718  0.0475  0.0195
  0.0713  0.1891  0.1891
      76
  0.0270  0.0270  0.0112  0.9945  0.9945  1.0037  1.0037  0.1844  0.1032
  0.1032  0.1384  0.0287  0.0287  0.2397  0.2397  0.1878  0.0536  0.0489
  0.1218  0.2031  0.2031
      77
  0.0242  0.0242  0.0091  0.9548  0.9548  0.8922  0.8922  0.1019  0.1847
  0.1847  0.1414  0.0263  0.0263  0.2399  0.2399  0.2938  0.0491  0.0735
  0.1673  0.1757  0.1757
      78
  0.0200  0.0200  0.0046  0.9344  0.9344  0.8661  0.8661  0.1033  0.1815
  0.1815  0.1491  0.0249  0.0249  0.1633  0.1633  0.4026  0.0391  0.1926
  0.0832  0.1397  0.1397
      79
  0.0145  0.0145  0.0019  1.0434  1.0434  0.7947  0.7947  0.2336  0.1413
  0.1413  0.1596  0.0220  0.0220  0.5327  0.1086  0.1086  0.0384  0.1826
  0.0797  0.1191  0.1191
      80
  0.0088  0.0088  0.0027  1.1037  1.1037  0.7662  0.7662  0.4599  0.1332
  0.1332  0.1626  0.0201  0.0201  0.6572  0.1074  0.1074  0.1187  0.0695
  0.0823  0.1129  0.1129
      81
  0.0055  0.0055  0.0055  1.1243  1.1243  0.6983  0.6983  0.6983  0.1475
  0.1475  0.1475  0.0197  0.0197  0.7120  0.1361  0.1361  0.1361  0.0003
  0.1040  0.1040  0.1040
      82
  0.0075  0.0057  0.0057  1.0908  1.0908  0.8717  0.5545  0.5545  0.1139
  0.1477  0.1477  0.0194  0.0194  0.6489  0.0686  0.1548  0.1548  0.0014
  0.1346  0.0846  0.0846
      83
  0.0069  0.0080  0.0080  0.9740  0.9740  0.9508  0.3769  0.3769  0.0746
  0.1188  0.1188  0.0175  0.0175  0.4771  0.0032  0.1415  0.1415 -0.0015
  0.1524  0.0618  0.0618
      84
  0.0057  0.0109  0.0109  0.8080  0.8080  0.9500  0.2305  0.2305  0.0516
  0.0743  0.0743  0.0138  0.0138 -0.0351  0.2611  0.1107  0.1107 -0.0063
  0.1567  0.0390  0.0390
      85
  0.0079  0.0143  0.0143  0.6783  0.6783  0.8975  0.1723  0.1723  0.0721
  0.0271  0.0271 -0.0235  0.0090  0.0090  0.0731  0.0873  0.0873 -0.0072
  0.1852  0.0211  0.0211
      86
  0.0146  0.0182  0.0182  0.6367  0.6367  0.8179  0.2151  0.2151  0.1925
 -0.0018 -0.0018  0.0138  0.0038  0.0038 -0.0257  0.0834  0.0834 -0.0022
  0.2565  0.0165  0.0165
      87
  0.0234  0.0225  0.0225  0.6696  0.6696  0.3074  0.3074  0.4608  0.7299
  0.0187  0.0111  0.0111  0.0031  0.0031  0.0025  0.0040  0.0940  0.0940
  0.3258  0.0263  0.0263
      88
  0.0309  0.0265  0.0265  0.7249  0.7249  0.7706  0.3946  0.3946  0.6470
  0.0327  0.0465  0.0465  0.0135  0.0135  0.1056  0.0070  0.1058  0.1058
  0.3660  0.0402  0.0402
      89
  0.0350  0.0296  0.0296  1.0329  0.7483  0.7483  0.4602  0.4602  0.5745
  0.0410  0.0692  0.0692  0.0275  0.0275  0.1926  0.0082  0.1086  0.1086
  0.3847  0.0468  0.0468
      90
  0.0349  0.0317  0.0317  1.1571  0.7136  0.7136  0.5179  0.5179  0.5100
  0.0370  0.0664  0.0664  0.0314  0.0314  0.2125  0.0112  0.1010  0.1010
  0.4037  0.0448  0.0448
      91
  0.0313  0.0324  0.0324  1.0909  0.6342  0.6342  0.5836  0.5836  0.4434
  0.0283  0.0472  0.0472  0.0241  0.0241  0.1780  0.0177  0.0871  0.0871
  0.4419  0.0415  0.0415
      92
  0.0267  0.0317  0.0317  0.8554  0.5474  0.5474  0.6460  0.6460  0.3668
  0.0231  0.0280  0.0280  0.0173  0.0173  0.1370  0.0256  0.0746  0.0746
  0.0414  0.0414  0.4943
      93
  0.0288  0.0288  0.0239  0.5359  0.4856  0.4856  0.6673  0.6673  0.2888
  0.0228  0.0206  0.0206  0.0184  0.0184  0.1249  0.0306  0.0693  0.0693
  0.0419  0.0419  0.5284
      94
  0.0236  0.0236  0.0244  0.2400  0.4551  0.4551  0.6174  0.6174  0.2346
  0.0214  0.0280  0.0280  0.0211  0.0211  0.1397  0.0305  0.0692  0.0692
  0.0397  0.0397  0.5081
      95
  0.0165  0.0165  0.0264  0.0470  0.4246  0.4246  0.5218  0.5218  0.2322
  0.0126  0.0400  0.0400  0.0196  0.0196  0.0263  0.1555  0.0655  0.0655
  0.0417  0.0417  0.4281
      96
  0.0267  0.0096  0.0096 -0.0230  0.3737  0.3737  0.4367  0.4367  0.2971
 -0.0037  0.0390  0.0390  0.0212  0.0212  0.0212  0.1526  0.0541  0.0541
  0.0662  0.0662  0.3273
      97
  0.0232  0.0052  0.0052 -0.0039  0.3259  0.3259  0.4017  0.4017  0.4231
 -0.0192  0.0224  0.0224  0.0326  0.0326  0.0183  0.1346  0.0408  0.0408
  0.1313  0.1313  0.2656
      98
  0.0176  0.0046  0.0046  0.0483  0.2993  0.2993  0.4438  0.4438  0.5835
 -0.0242  0.0044  0.0044  0.0517  0.0517  0.0180  0.1202  0.0364  0.0364
  0.2388  0.2388  0.2826
      99
  0.0130  0.0067  0.0067  0.0918  0.2327  0.2327  0.6112  0.6112  0.7393
 -0.0161 -0.0026 -0.0026  0.0701  0.0701  0.0191  0.1217  0.0475  0.0475
  0.3672  0.3650  0.3650
     100
  0.0096  0.0096  0.0111  0.1133  0.1275  0.1275  0.8325  0.8325  0.8511
 -0.0031  0.0003  0.0003  0.0762  0.0762  0.0200  0.1337  0.0717  0.0717
  0.4625  0.4680  0.4680
     101
  0.0108  0.0108  0.0108  0.1188  0.1188  0.1188  0.8916  0.8916  0.8916
  0.0031  0.0031  0.0031  0.0203  0.0203  0.0203  0.1405  0.1405  0.1405
  0.5037  0.5078  0.5078
     102
  0.0096  0.0096  0.0111  0.1133  0.1275  0.1275  0.8325  0.8325  0.8511
 -0.0031  0.0003  0.0003  0.0762  0.0762  0.0200  0.1337  0.0717  0.0717
  0.4625  0.4680  0.4680
     103
  0.0130  0.0067  0.0067  0.0918  0.2327  0.2327  0.6112  0.6112  0.7393
 -0.0161 -0.0026 -0.0026  0.0701  0.0701  0.0191  0.1217  0.0475  0.0475
  0.3672  0.3650  0.3650
     104
  0.0176  0.0046  0.0046  0.0483  0.2993  0.2993  0.4438  0.4438  0.5835
 -0.0242  0.0044  0.0044  0.0517  0.0517  0.0180  0.1202  0.0364  0.0364
  0.2388  0.2388  0.2826
     105
  0.0232  0.0052  0.0052 -0.0039  0.3259  0.3259  0.4017  0.4017  0.4231
 -0.0192  0.0224  0.0224  0.0326  0.0326  0.0183  0.1346  0.0408  0.0408
  0.1313  0.1313  0.2656
     106
  0.0267  0.0096  0.0096 -0.0230  0.3737  0.3737  0.4367  0.4367  0.2971
 -0.0037  0.0390  0.0390  0.0212  0.0212  0.0212  0.1526  0.0541  0.0541
  0.0662  0.0662  0.3273
     107
  0.0165  0.0165  0.0264  0.0470  0.4246  0.4246  0.5218  0.5218  0.2322
  0.0126  0.0400  0.0400  0.0196  0.0196  0.0263  0.1555  0.0655  0.0655
  0.0417  0.0417  0.4281
     108
  0.0236  0.0236  0.0244  0.2400  0.4551  0.4551  0.6174  0.6174  0.2346
  0.0214  0.0280  0.0280  0.0211  0.0211  0.1397  0.0305  0.0692  0.0692
  0.0397  0.0397  0.5081
     109
  0.0288  0.0288  0.0239  0.5359  0.4856  0.4856  0.6673  0.6673  0.2888
  0.0228  0.0206  0.0206  0.0184  0.0184  0.1249  0.0306  0.0693  0.0693
  0.0419  0.0419  0.5284
     110
  0.0267  0.0317  0.0317  0.8554  0.5474  0.5474  0.6460  0.6460  0.3668
  0.0231  0.0280  0.0280  0.0173  0.0173  0.1370  0.0256  0.0746  0.0746
  0.0414  0.0414  0.4943
     111
  0.0313  0.0324  0.0324  1.0909  0.6342  0.6342  0.5836  0.5836  0.4434
  0.0283  0.0472  0.0472  0.0241  0.0241  0.1780  0.0177  0.0871  0.0871
  0.4419  0.0415  0.0415
     112
  0.0349  0.0317  0.0317  1.1571  0.7136  0.7136  0.5179  0.5179  0.5100
  0.0370  0.0664  0.0664  0.0314  0.0314  0.2125  0.0112  0.1010  0.1010
  0.4037  0.0448  0.0448
     113
  0.0350  0.0296  0.0296  1.0329  0.7483  0.7483  0.4602  0.4602  0.5745
  0.0410  0.0692  0.0692  0.0275  0.0275  0.1926  0.0082  0.1086  0.1086
  0.3847  0.0468  0.0468
     114
  0.0309  0.0265  0.0265  0.7249  0.7249  0.7706  0.3946  0.3946  0.6470
  0.0327  0.0465  0.0465  0.0135  0.0135  0.1056  0.0070  0.1058  0.1058
  0.3660  0.0402  0.0402
     115
  0.0234  0.0225  0.0225  0.6696  0.6696  0.3074  0.3074  0.4608  0.7299
  0.0187  0.0111  0.0111  0.0031  0.0031  0.0025  0.0040  0.0940  0.0940
  0.3258  0.0263  0.0263
     116
  0.0146  0.0182  0.0182  0.6367  0.6367  0.8179  0.2151  0.2151  0.1925
 -0.0018 -0.0018  0.0138  0.0038  0.0038 -0.0257  0.0834  0.0834 -0.0022
  0.2565  0.0165  0.0165
     117
  0.0079  0.0143  0.0143  0.6783  0.6783  0.8975  0.1723  0.1723  0.0721
  0.0271  0.0271 -0.0235  0.0090  0.0090  0.0731  0.0873  0.0873 -0.0072
  0.1852  0.0211  0.0211
     118
  0.0057  0.0109  0.0109  0.8080  0.8080  0.9500  0.2305  0.2305  0.0516
  0.0743  0.0743  0.0138  0.0138 -0.0351  0.2611  0.1107  0.1107 -0.0063
  0.1567  0.0390  0.0390
     119
  0.0069  0.0080  0.0080  0.9740  0.9740  0.9508  0.3769  0.3769  0.0746
  0.1188  0.1188  0.0175  0.0175  0.4771  0.0032  0.1415  0.1415 -0.0015
  0.1524  0.0618  0.0618
     120
  0.0075  0.0057  0.0057  1.0908  1.0908  0.8717  0.5545  0.5545  0.1139
  0.1477  0.1477  0.0194  0.0194  0.6489  0.0686  0.1548  0.1548  0.0014
  0.1346  0.0846  0.0846
     121
  0.0055  0.0055  0.0055  1.1243  1.1243  0.6983  0.6983  0.6983  0.1475
  0.1475  0.1475  0.0197  0.0197  0.7120  0.1361  0.1361  0.1361  0.0003
  0.1040  0.1040  0.1040
     122
  0.0069  0.0065  0.0042  1.1315  1.0997  0.7913  0.6838  0.5815  0.1317
  0.1460  0.1564  0.0206  0.0191  0.6918  0.1066  0.1310  0.1620  0.0028
  0.1066  0.0868  0.1164
     123
  0.0080  0.0092  0.0031  1.1489  1.0303  0.8476  0.6479  0.4594  0.1120
  0.1431  0.1572  0.0234  0.0177  0.6358  0.0876  0.1172  0.1722  0.0097
  0.1138  0.0677  0.1251
     124
  0.0087  0.0129  0.0026  1.1669  0.9290  0.8626  0.6084  0.3513  0.0943
  0.1432  0.1500  0.0273  0.0165  0.5595  0.0906  0.0988  0.1637  0.0192
  0.1239  0.0523  0.1299
     125
  0.0087  0.0167  0.0028  1.1778  0.8160  0.8404  0.5830  0.2711  0.0892
  0.1487  0.1362  0.0316  0.0168  0.1209  0.4821  0.0813  0.1434  0.0290
  0.1340  0.0455  0.1288
     126
  0.0083  0.0199  0.0037  1.1797  0.7162  0.7911  0.5817  0.2267  0.1094
  0.1575  0.1176  0.0377  0.0189  0.1723  0.4202  0.0689  0.1209  0.0372
  0.1414  0.0495  0.1212
     127
  0.0076  0.0221  0.0051  1.1753  0.6529  0.7280  0.6047  0.2274  0.1567
  0.1631  0.0963  0.0474  0.2286  0.0222  0.3824  0.0631  0.1036  0.0433
  0.1451  0.0633  0.1098
     128
  0.0230  0.0069  0.0068  1.1687  0.6373  0.6642  0.6450  0.2798  0.2164
  0.1602  0.0750  0.0627  0.2734  0.0250  0.3671  0.0629  0.0937  0.0482
  0.1458  0.0831  0.0980
     129
  0.0228  0.0063  0.0085  1.1636  0.6619  0.3705  0.6092  0.6919  0.2723
  0.1499  0.0566  0.2991  0.0841  0.0262  0.3652  0.0662  0.0893  0.0529
  0.1452  0.1034  0.0884
     130
  0.0216  0.0059  0.0098  1.1633  0.7057  0.4670  0.5671  0.7331  0.3180
  0.1374  0.0446  0.3060  0.1098  0.0259  0.3653  0.0709  0.0854  0.0590
  0.1184  0.1446  0.0815
     131
  0.0197  0.0058  0.0108  1.1722  0.7459  0.5370  0.5371  0.7575  0.3529
  0.1270  0.0411  0.2960  0.1356  0.0251  0.3590  0.0752  0.0673  0.0780
  0.1234  0.1442  0.0759
     132
  0.0176  0.0059  0.0113  1.1937  0.5619  0.7678  0.5155  0.7585  0.3786
  0.1197  0.0447  0.2714  0.1574  0.0247  0.3425  0.0777  0.0778  0.0663
  0.1166  0.1442  0.0697
     133
  0.0156  0.0061  0.0115  1.2272  0.5388  0.7681  0.4984  0.7378  0.3986
  0.1144  0.0513  0.2350  0.1734  0.3167  0.0249  0.0778  0.0896  0.0529
  0.0997  0.1447  0.0616
     134
  0.0140  0.0063  0.0118  1.2674  0.4778  0.7544  0.4830  0.7052  0.4170
  0.1095  0.0567  0.1909  0.1863  0.2849  0.0252  0.0753  0.1005  0.0412
  0.0771  0.1459  0.0518
     135
  0.0129  0.0065  0.0123  1.3066  0.3967  0.7400  0.4682  0.6740  0.4370
  0.1038  0.0585  0.1441  0.2034  0.2502  0.0251  0.0703  0.1078  0.0334
  0.0548  0.1478  0.0420
     136
  0.0124  0.0066  0.0134  1.3382  0.3141  0.7379  0.4541  0.6550  0.4596
  0.0968  0.0568  0.1006  0.2342  0.2136  0.0245  0.0637  0.1089  0.0384
  0.0299  0.1499  0.0347
     137
  0.0125  0.0066  0.0150  1.3593  0.2437  0.7549  0.4414  0.6528  0.4837
  0.0887  0.0527  0.0652  0.2844  0.1744  0.0237  0.0566  0.1026  0.0310
  0.0299  0.1516  0.0315
     138
  0.0130  0.0065  0.0169  1.3707  0.1918  0.7883  0.4308  0.6656  0.5077
  0.0807  0.0476  0.3467  0.0398  0.1369  0.0235  0.0499  0.0900  0.0325
  0.0324  0.1523  0.0327
     139
  0.0135  0.0065  0.0187  1.3753  0.1584  0.8274  0.4230  0.6910  0.5288
  0.0739  0.3991  0.0430  0.0236  0.1090  0.0241  0.0445  0.0752  0.0395
  0.0357  0.1521  0.0367
     140
  0.0138  0.0064  0.0200  1.3765  0.1405  0.8585  0.4182  0.5438  0.7432
  0.0694  0.4034  0.0398  0.0149  0.0939  0.0250  0.0410  0.0634  0.0469
  0.0385  0.1517  0.0407
     141
  0.0140  0.0064  0.0205  1.3767  0.1350  0.8703  0.4166  0.5493  0.8589
  0.3081  0.0679  0.0386  0.0121  0.0894  0.0254  0.0398  0.0589  0.0500
  0.0396  0.1515  0.0423
