    0.8660
    1.5090
    2.1658
    2.9533
    3.7408
    4.4490
    0.8660
    1.5090
    2.1658
    2.9533
    3.7408
    4.4490
    0.8660
    1.5090
    2.1658
    2.9533
    3.7408
    4.4490
    0.8660
    1.5090
    2.1658
    2.9533
    3.7408
    4.4490
    0.8660
    1.5090
    2.1658
    2.9533
    3.7408
    4.4490
    0.8660
    1.5090
    2.1658
    2.9533
    3.7408
    4.4490
    0.8660
    1.5090
    2.1658
    2.9533
    3.7408
    4.4490
    0.8660
    1.5090
    2.1658
    2.9533
    3.7408
    4.4490
    0.8660
    1.5090
    2.1658
    2.9533
    3.7408
    4.4490
    0.8660
    1.5090
    2.1658
    2.9533
    3.7408
    4.4490
    0.8660
    1.5090
    2.1658
    2.9533
    3.7408
    4.4490
    0.8660
    1.5090
    2.1658
    2.9533
    3.7408
    4.4490
    0.8660
    1.5090
    2.1658
    2.9533
    3.7408
    4.4490
    0.8660
    1.5090
    2.1658
    2.9533
    3.7408
    4.4490
    0.8660
    1.5090
    2.1658
    2.9533
    3.7408
    4.4490
    0.8660
    1.5090
    2.1658
    2.9533
    3.7408
    4.4490
    0.8660
    1.5090
    2.1658
    2.9533
    3.7408
    4.4490
    0.8660
    1.5090
    2.1658
    2.9533
    3.7408
    4.4490
    0.8660
    1.5090
    2.1658
    2.9533
    3.7408
    4.4490
    0.8660
    1.5090
    2.1658
    2.9533
    3.7408
    4.4490
    0.8660
    1.5090
    2.1658
    2.9533
    3.7408
    4.4490
