---- generation  1 ----
  11   0   0     11.9944
   0   5   0      9.7872
   0   0  18   5555.5556
   3   0  17      1.1391
   4   4  12      3.5778
   7   1  11      4.2335
   0   7  10      3.6860
   0   3  11      1.7741
   1   3   2      6.4368
---- generation  2 ----
  11   0   0     11.9944
   0   5   0      9.7872
   0   0   7      0.1246
   3   0  17      1.1391
  16   0   3      9.8448
   0   7  10      3.6860
   0   3  11      1.7741
   1   3   9      2.5555
   8   1   3      8.4250
   2   0   6      1.9601
   0   4   2      6.2440
---- generation  3 ----
  16   0   0     11.9498
   0   5   0      9.7872
   0   0   7      0.1246
   3   0  17      1.1391
   1   4  13      2.2670
   1   2  13      1.4760
   0   3  11      1.7741
   1   3   9      2.5555
   0   4   6      3.5527
   5   1   4      6.3209
   2   0   6      1.9601
   5   0   2      8.1046
   0   4   2      6.2440
   1   3   1      7.9262
---- generation  4 ----
   4   0   0     11.9357
   0   5   0      9.7872
   0   0   7      0.1246
   3   0  17      1.1391
   1   4  13      2.2670
   1   2  13      1.4760
   1   0  13      0.5695
   0   3  10      1.8784
   1   3   9      2.5555
   7   0   5      6.2887
   0   3   8      2.2905
   0   4   7      3.1861
   0   4   6      3.5527
   2   6   0     10.1943
   2   0   6      1.9601
   0   4   2      6.2440
