251.591 241.720 238.132 238.043
38.456 27.238 26.383 26.252
269.459 239.117 237.205 237.168
233.412 233.185 234.134 219.393
246.832 194.408 194.344 194.312
67.368 23.887 22.849 22.782
27.368 23.022 22.932 22.841
503.174 509.159 505.782 281.924
229.748 232.487 80.026 75.011
307.783 311.256 277.911 236.450
226.983 196.634 195.587 195.764
312.420 232.575 226.188 226.090
183.395 135.230 133.680 133.568
160.522 74.039 71.395 71.556
327.823 327.500 327.062 326.722
197.979 192.409 191.672 191.435
168.938 172.774 121.009 106.311
450.900 227.874 226.777 226.369
265.474 269.399 268.729 268.076
137.677 101.852 99.936 99.884
145.315 137.520 134.821 134.710
163.407 135.470 133.254 132.405
221.773 166.758 163.737 163.562
166.645 164.194 163.579 163.426
221.628 204.078 202.591 202.403
303.182 307.803 237.960 178.134
93.538 83.120 81.138 80.436
178.270 179.893 164.074 99.758
214.412 162.787 160.975 160.812
204.985 203.339 202.847 202.939
342.945 347.033 231.970 229.355
368.248 357.656 208.945 205.746
256.085 151.725 149.241 148.913
188.636 144.874 142.942 142.662
430.922 443.295 441.538 441.269
166.852 164.914 163.753 163.272
330.566 328.706 328.118 223.924
217.240 154.626 150.608 150.202
119.170 112.744 102.738 100.132
260.247 257.970 166.343 164.451
113.321 101.039 100.533 100.434
252.213 139.600 135.025 133.370
362.016 231.279 229.924 228.025
30.280 24.175 23.821 23.718
25.814 24.445 24.113 23.877
268.133 269.258 241.403 219.633
332.079 218.561 216.697 216.089
188.892 154.548 150.720 150.585
254.619 155.372 144.389 129.729
204.227 156.865 151.336 151.076
183.988 125.797 121.112 120.760
238.827 105.909 103.093 102.856
255.626 256.283 167.150 156.193
111.139 110.393 110.098 105.424
278.417 282.533 230.514 157.388
124.334 66.078 64.436 64.276
58.644 54.271 53.222 53.168
329.212 309.813 152.058 147.593
198.802 203.033 201.736 201.288
81.548 64.245 63.819 63.666
248.148 176.719 173.906 172.727
63.545 63.180 62.834 62.663
56.173 54.563 54.073 54.038
54.801 54.367 53.875 53.642
98.240 65.791 64.393 63.708
120.349 66.257 63.100 62.663
90.540 58.767 56.932 56.823
203.274 187.785 187.357 187.256
184.472 140.097 136.935 136.910
143.668 139.145 136.965 136.916
171.778 59.583 56.356 56.180
68.091 60.915 60.471 60.407
192.419 181.472 180.586 180.533
173.536 168.692 168.406 168.623
106.410 103.771 103.131 103.033
216.820 139.240 137.206 136.447
234.169 139.810 136.652 136.264
35.048 26.553 25.462 24.837
201.314 197.433 111.789 111.398
301.568 309.388 309.090 308.853
31.327 25.786 25.176 25.125
130.157 115.221 114.633 113.290
232.748 239.026 106.039 105.442
199.174 101.772 99.400 99.252
201.568 166.131 164.097 164.108
28.718 25.668 25.233 25.131
117.753 107.188 103.470 102.964
178.331 169.783 167.205 164.566
125.351 116.983 114.356 113.924
161.796 135.034 128.599 128.002
161.985 134.906 134.805 134.748
151.274 137.076 134.892 134.738
100.124 97.849 97.348 96.678
134.017 114.346 111.541 111.452
191.010 172.056 166.495 163.974
154.228 134.416 132.763 132.606
168.014 84.276 80.715 80.524
145.278 113.199 108.043 107.795
84.678 80.900 80.236 80.139
132.893 113.179 110.264 109.858
213.055 220.888 134.974 131.939
211.705 137.173 136.068 136.328
63.794 51.690 50.825 50.801
88.967 82.714 81.921 81.888
96.434 91.797 92.962 92.833
71.503 71.507 71.489 71.184
82.364 69.272 68.334 68.242
99.025 92.712 92.615 92.552
48.729 47.510 48.200 48.134
48.623 40.761 38.681 38.621
60.863 51.037 49.041 48.936
140.162 121.580 118.616 118.443
86.485 84.955 84.449 84.011
92.876 91.451 91.833 91.754
96.056 61.842 59.093 59.101
75.161 74.461 72.265 71.760
154.258 154.665 70.005 69.189
281.145 284.602 113.958 110.080
67.368 23.887 22.849 22.782
160.522 74.039 71.395 71.556
93.538 83.120 81.138 80.436
100000.000100000.000100000.000100000.000
120.349 66.257 63.100 62.663
198.211 87.656 86.643 86.317
118.818 98.992 95.775 95.735
239.020 114.401 111.860 111.742
35.048 26.553 25.462 24.837
229.450 205.081 200.238 200.259
202.905 202.798 187.177 187.051
252.704 203.261 200.050 199.519
141.600 139.811 139.704 139.561
103.095 99.042 98.262 98.189
156.164 148.972 148.114 147.763
243.631 189.111 189.350 189.251
70.104 66.998 66.398 66.395
45.293 43.104 42.148 41.936
596.536 593.115 169.964 161.464
236.769 151.981 149.405 148.841
175.282 121.616 120.456 120.377
98.443 98.623 98.572 97.209
155.653 148.857 148.734 148.789
146.967 77.677 77.094 77.099
112.956 96.752 95.346 95.325
213.055 220.888 134.974 131.939
160.487 157.451 157.008 156.658
146.777 88.056 86.690 86.509
136.257 124.446 123.949 123.723
174.105 171.022 170.764 170.041
142.212 141.184 95.564 94.703
144.542 142.435 141.519 141.038
178.364 177.090 71.706 71.914
319.952 316.409 161.218 149.486
165.160 108.869 105.727 105.649
137.137 109.699 108.666 108.441
198.794 157.004 117.384 117.713
176.826 179.014 97.452 97.637
88.283 87.123 87.570 86.650
48.623 40.761 38.681 38.621
60.863 51.037 49.041 48.936
343.505 358.876 210.544 209.486
199.061 108.913 106.593 106.413
145.250 137.648 137.135 137.205
285.291 153.096 151.547 151.491
80.719 66.225 64.860 64.784
329.382 242.561 209.994 197.524
201.445 156.140 152.618 152.572
194.474 185.744 182.205 179.907
76.170 71.446 70.759 70.677
80.781 79.909 79.688 79.554
59.319 56.876 55.418 55.148
141.488 124.373 123.192 121.828
136.038 78.572 75.220 74.962
103.149 99.088 98.442 98.257
55.370 54.960 53.876 53.992
48.626 47.271 47.195 47.194
41.536 39.912 39.701 39.462
38.633 34.379 33.299 33.221
86.029 85.307 84.724 84.630
109.381 104.156 103.059 102.917
106.580 104.328 56.430 56.788
122.536 119.110 89.194 89.315
126.087 120.197 119.400 119.170
116.367 113.769 113.478 113.472
87.315 82.184 80.697 80.541
216.447 106.061 104.459 101.100
194.907 187.229 119.558 117.498
201.299 202.335 72.060 68.388
21.251 17.376 17.230 17.069
19.029 15.999 15.715 15.681
123.586 88.004 87.687 87.834
82.403 78.898 77.732 77.615
2.088 1.587 0.727 0.872
146.827 59.404 57.965 58.029
113.740 104.355 102.216 99.477
57.807 52.055 51.176 51.067
80.039 78.563 78.448 78.345
72.244 66.609 66.508 66.290
105.764 103.764 74.440 74.551
51.098 39.714 37.508 37.464
96.360 88.591 86.549 86.523
110.375 65.691 64.878 64.729
122.616 74.223 69.970 69.871
98.039 64.181 61.931 61.806
71.931 42.649 38.682 38.636
65.939 58.196 58.004 58.006
67.368 23.887 22.849 22.782
202.905 202.798 187.177 187.051
120.349 66.257 63.100 62.663
35.048 26.553 25.462 24.837
64.728 42.337 40.930 40.869
59.745 52.989 53.895 53.805
64.286 57.604 57.884 57.835
137.280 122.671 121.825 121.376
188.291 185.170 184.580 184.475
61.175 58.740 58.165 56.474
156.659 145.148 142.834 142.656
187.267 150.112 149.197 147.148
219.851 200.686 199.880 197.798
145.266 140.514 139.877 136.976
38.633 34.379 33.299 33.221
68.148 34.759 33.470 33.407
42.832 41.455 41.042 40.805
148.670 103.238 102.704 102.484
54.107 53.040 52.559 52.455
180.080 180.052 177.038 175.756
216.447 106.061 104.459 101.100
67.495 65.230 64.984 64.694
241.642 172.674 171.751 171.467
148.980 145.933 145.572 145.475
244.959 192.908 192.978 192.872
275.971 277.153 167.692 161.175
73.977 69.929 69.808 69.721
213.055 220.888 134.974 131.939
275.653 280.942 138.317 136.278
71.480 68.497 67.494 65.436
221.646 218.980 179.479 179.821
96.896 93.892 92.939 90.816
198.609 154.791 153.674 151.727
243.634 192.535 192.417 191.672
35.214 24.054 23.570 23.617
225.850 118.137 115.015 114.955
207.492 207.500 177.969 178.297
266.210 258.686 94.150 93.881
19.029 15.999 15.715 15.681
102.124 99.335 98.931 95.699
49.522 34.879 33.547 33.294
295.637 192.718 191.232 191.197
193.023 138.471 135.142 134.392
2.088 1.587 0.727 0.872
51.098 39.714 37.508 37.464
237.453 239.233 238.614 182.298
153.447 155.614 76.893 77.366
60.863 51.037 49.041 48.936
145.684 144.731 144.345 144.248
141.369 129.510 127.918 127.780
86.259 78.018 76.650 76.587
128.045 98.507 96.539 96.445
167.650 168.366 123.986 124.091
50.348 47.999 46.892 46.748
139.006 118.369 115.159 114.454
38.497 35.691 35.443 35.008
63.954 60.500 59.946 59.821
218.494 218.647 122.252 120.189
31.001 26.094 25.874 25.832
36.598 27.336 25.026 24.882
84.333 82.627 81.890 81.693
281.972 91.231 86.910 86.928
71.230 64.614 64.197 64.170
127.048 111.417 108.250 108.242
109.915 64.332 63.263 63.209
139.120 126.432 125.821 125.830
143.238 142.138 142.527 142.219
67.278 60.827 59.199 59.070
118.357 113.154 61.761 61.914
206.020 128.076 126.517 124.610
149.524 126.258 124.328 124.147
53.263 51.388 50.790 50.805
37.347 36.463 35.439 35.527
88.125 82.667 82.705 82.683
131.443 123.743 118.365 118.222
86.137 85.190 66.931 67.310
41.023 39.683 38.934 38.973
51.104 18.400 17.994 18.005
43.915 40.000 39.666 39.631
90.009 89.453 76.475 76.563
142.378 108.883 108.172 107.973
185.122 184.259 184.297 184.283
105.194 102.061 57.947 56.732
91.825 92.496 57.319 55.797
38.391 20.982 21.314 21.453
92.893 51.478 48.402 48.437
63.686 57.070 54.910 54.645
294.798 292.274 129.140 126.099
243.689 246.740 132.327 129.584
162.940 162.061 112.620 97.520
67.368 23.887 22.849 22.782
42.832 41.455 41.042 40.805
295.637 192.718 191.232 191.197
35.214 24.054 23.570 23.617
347.988 342.251 342.2595344960000.000
35.048 26.553 25.462 24.837
25.599 24.827 24.863 24.855
38.633 34.379 33.299 33.221
164.208 163.806 144.809 144.736
34.600 33.926 33.855 33.829
100.977 68.199 66.169 66.121
69.164 66.844 66.642 66.917
367.651 361.126 360.715 360.785
232.573 233.681 138.725 136.047
317.806 175.242 170.226 169.337
292.475 248.900 216.545 215.962
31.666 18.616 18.298 18.301
161.405 157.653 157.154 156.790
232.723 225.925 226.435 226.308
286.894 179.570 176.891 176.019
121.745 117.674 117.240 115.847
181.644 172.796 172.980 172.943
166.113 165.308 76.477 76.090
166.102 161.143 161.178 161.241
233.281 192.681 190.419 190.477
146.633 141.956 141.157 141.134
142.176 145.194 100.656 100.424
150.675 71.428 70.925 70.947
75.776 58.456 57.883 57.809
192.876 192.785 180.104 179.314
293.156 292.637 291.713 144.324
37.347 36.463 35.439 35.527
109.915 64.332 63.263 63.209
148.324 146.081 145.229 145.205
138.649 137.155 137.084 137.107
213.661 202.483 198.014 197.201
131.214 97.202 94.867 94.878
271.603 173.327 168.132 168.096
77.761 77.268 76.386 75.009
137.707 133.359 132.901 132.823
398.123 218.275 214.977 213.965
203.183 161.913 160.404 160.426
19.029 15.999 15.715 15.681
2.088 1.587 0.727 0.872
105.194 102.061 57.947 56.732
153.739 64.098 63.395 63.083
127.813 121.638 120.776 120.557
51.098 39.714 37.508 37.464
299.224 146.045 145.708 145.738
174.222 99.364 97.226 96.139
237.932 218.574 217.458 217.616
60.863 51.037 49.041 48.936
43.915 40.000 39.666 39.631
235.194 232.258 138.285 138.104
168.350 167.562 167.657 167.760
103.449 84.972 82.826 82.720
10.972 8.261 8.088 7.972
246.640 241.521 165.430 161.519
152.436 150.165 72.089 71.913
179.310 165.788 138.900 138.671
25.420 25.177 24.445 24.420
61.150 58.096 57.518 57.162
75.119 72.604 47.006 47.613
219.092 145.001 141.832 141.753
120.976 80.083 75.527 75.464
162.392 163.469 116.504 116.600
130.182 88.202 87.600 86.786
52.678 51.858 51.750 51.758
48.821 46.790 45.992 45.725
26.539 26.407 25.666 25.195
66.371 62.468 62.011 61.899
36.031 35.934 35.864 35.857
49.679 47.734 47.457 47.487
113.715 104.903 104.980 104.985
27.616 25.972 25.630 25.584
66.283 38.330 35.349 35.047
57.256 49.460 48.781 48.677
107.314 106.207 69.250 66.882
61.676 61.204 47.157 47.319
70.911 67.422 67.226 67.434
55.388 41.731 38.189 38.173
95.024 93.729 93.335 93.063
96.530 90.478 89.933 89.880
95.975 93.578 63.062 63.301
66.034 63.634 38.732 38.878
50.331 48.413 34.324 34.460
118.872 116.229 90.450 89.916
106.429 101.558 71.551 72.022
79.305 76.650 56.219 56.303
133.391 134.946 72.831 69.271
200.541 197.459 93.530 92.539
85.226 83.707 82.307 81.555
70.721 69.221 41.080 41.198
32.458 30.772 30.531 30.419
153.368 156.760 88.039 70.203
146.036 112.687 113.638 112.698
206.226 199.870 47.909 47.743
138.577 112.960 112.123 111.499
