# It contains the all the information in extendedConvexHull.pdf
# X axis: Composition 
# Y axis: Formation energy relative to the substance
# Fitness: its distance to the convex hull (eV/block)
  ID   Compositions    Enthalpies     Volumes     Fitness   SYMM    X        Y     
                       (eV/atom)    (A^3/atom)   (eV/block)              (eV/block) 
   6  [   3  0 17 ]      1.1391       3.2090      0.0000      1   0.606 -0.500  -0.7571
 111  [   0  5  0 ]      9.7872       8.5689      0.0000    225   0.000  1.000   0.0000
 177  [   1  3  9 ]      2.5555       3.9504      0.0000     12   0.533 -0.154  -0.7075
 189  [   2  0  6 ]      1.9601       4.3892      0.0000    194   0.433 -0.500  -1.1173
 192  [   0  0  7 ]      0.1246       1.6321      0.0000    166   0.866 -0.500   0.0000
 199  [   0  4  2 ]      6.2440       6.0395      0.0000    164   0.289  0.500  -0.3223
 222  [   1  4 13 ]      2.2670       3.6194      0.0000     44   0.577 -0.167  -0.6610
 240  [   1  2 13 ]      1.4760       3.0000      0.0000      6   0.650 -0.312  -0.5946
 278  [   0  4  6 ]      3.5527       4.1821      0.0000      6   0.520  0.100  -0.4369
 352  [   1  0 13 ]      0.5695       2.4107      0.0000      1   0.742 -0.500  -0.3988
 356  [   0  3 10 ]      1.8784       3.0275      0.0000     12   0.666 -0.154  -0.4760
 360  [   7  0  5 ]      6.2887       7.6942      0.0000      2  -0.144 -0.500  -0.7257
 365  [   0  3  8 ]      2.2905       3.3431      0.0000     10   0.630 -0.091  -0.4694
 371  [   0  4  7 ]      3.1861       3.9232      0.0000      1   0.551  0.045  -0.4522
 387  [   2  6  0 ]     10.1943       9.7233      0.0000    221  -0.217  0.625  -0.1300
 392  [   4  0  0 ]     11.9357      11.5805      0.0000     15  -0.866 -0.500   0.0000
 284  [   1  3  1 ]      7.9262       7.9646      0.0090    123   0.000  0.400  -0.3582
  66  [   0  7 10 ]      3.6860       4.2686      0.0146      6   0.509  0.118  -0.4173
  62  [   0  7 10 ]      3.6861       4.2693      0.0147    146   0.509  0.118  -0.4172
 174  [   0  6  8 ]      3.8566       4.3810      0.0156      6   0.495  0.143  -0.4091
 270  [   5  1  4 ]      6.3209       7.5111      0.0164      1  -0.087 -0.350  -0.6756
  78  [   0  3 11 ]      1.7741       2.9923      0.0209      8   0.680 -0.179  -0.4211
  44  [   2  1 15 ]      1.3177       3.1861      0.0288      1   0.625 -0.417  -0.6561
 210  [   2  3 15 ]      2.0434       3.7065      0.0338      1   0.563 -0.275  -0.7116
 136  [   1  4 12 ]      2.4668       3.7688      0.0366      8   0.560 -0.147  -0.6261
 110  [   1  3  2 ]      6.4368       6.8133      0.0378    123   0.144  0.250  -0.4876
 361  [  10  0  2 ]      9.7167      10.0642      0.0397      2  -0.577 -0.500  -0.2505
 288  [   5  0  2 ]      8.1046       8.9542      0.0412     12  -0.371 -0.500  -0.4565
  81  [   0  3 11 ]      1.7947       2.9376      0.0415      1   0.680 -0.179  -0.4005
 302  [   1  2 17 ]      1.2427       2.8273      0.0428      1   0.693 -0.350  -0.4386
 239  [  16  0  0 ]     11.9795      11.6505      0.0438    139  -0.866 -0.500   0.0438
 280  [  10  0  1 ]     10.7475      10.7681      0.0438      2  -0.709 -0.500  -0.1145
 221  [   1  3 10 ]      2.3862       3.7763      0.0446      1   0.557 -0.179  -0.6526
 188  [   0  2  9 ]      1.5517       2.7180      0.0453      1   0.709 -0.227  -0.3297
 312  [   0  2 16 ]      1.0167       2.3451      0.0477      1   0.770 -0.333  -0.1814
 129  [  16  0  3 ]      9.8448      10.1439      0.0490      1  -0.593 -0.500  -0.2260
  14  [   4  4 12 ]      3.5778       5.1390      0.0523      2   0.346 -0.200  -0.8415
 364  [   0  5  6 ]      4.1568       4.5829      0.0536      6   0.472  0.182  -0.3598
 291  [   0  5  1 ]      8.0728       7.3329      0.0572     87   0.144  0.750  -0.1039
 101  [  11  0  0 ]     11.9944      11.5762      0.0587    139  -0.866 -0.500   0.0587
 246  [   1  3 12 ]      2.0808       3.4555      0.0588      8   0.595 -0.219  -0.5937
  90  [   0 13  0 ]      9.8463       8.5059      0.0592    139   0.000  1.000   0.0592
 232  [   5  2  7 ]      4.9800       6.3132      0.0602      1   0.124 -0.286  -0.7432
 311  [  18  0  0 ]     11.9979      11.6246      0.0621      5  -0.866 -0.500   0.0621
 115  [   0  6  0 ]      9.8502       8.4763      0.0631      1   0.000  1.000   0.0631
 113  [   7  0  0 ]     12.0016      11.5906      0.0659    225  -0.866 -0.500   0.0659
 320  [  16  0  1 ]     11.2045      11.0744      0.0660      1  -0.764 -0.500  -0.0365
 376  [   2  2  4 ]      4.7716       5.9574      0.0667     51   0.217 -0.125  -0.7215
 381  [   3  0  1 ]      8.6150       9.3447      0.0675     71  -0.433 -0.500  -0.3679
 383  [   6  0  0 ]     12.0037      11.6950      0.0679     63  -0.866 -0.500   0.0679
 185  [   8  1  3 ]      8.4250       9.0490      0.0710      1  -0.361 -0.375  -0.3789
 355  [  11  1  2 ]      9.9051      10.1146      0.0713      1  -0.557 -0.393  -0.1899
  60  [   0  7 10 ]      3.7451       4.2983      0.0736      1   0.509  0.118  -0.3582
 375  [   6  0  3 ]      7.4927       8.5410      0.0746     38  -0.289 -0.500  -0.5060
 382  [   6  2  1 ]      9.9907      10.0802      0.0768      2  -0.481 -0.167  -0.1552
 319  [  13  1  3 ]      9.4848       9.8578      0.0773      1  -0.509 -0.412  -0.2403
 336  [  17  1  0 ]     11.8869      11.5646      0.0802      1  -0.818 -0.417   0.0705
 211  [   6  0 14 ]      2.6903       4.7510      0.0809    115   0.346 -0.500  -0.9777
  98  [   0 11  1 ]      8.9829       7.9642      0.0815      1   0.072  0.875   0.0010
 370  [   1  2  7 ]      2.5584       4.0244      0.0823     38   0.520 -0.200  -0.6798
 134  [  16  0  2 ]     10.5140      10.5874      0.0841      1  -0.674 -0.500  -0.1094
 224  [   1  5 12 ]      2.9142       4.0141      0.0844      1   0.529 -0.083  -0.5506
 341  [   0  7 12 ]      3.3202       4.0276      0.0858      1   0.547  0.053  -0.3643
 265  [   2  1  9 ]      2.0735       3.9856      0.0859      1   0.505 -0.375  -0.8248
 245  [   8  1  7 ]      5.9812       7.3158      0.0885      1  -0.054 -0.406  -0.6529
 363  [   5  0  6 ]      4.7053       6.4563      0.0890      1   0.079 -0.500  -0.7880
 181  [   7  1  3 ]      8.1196       8.8469      0.0912      1  -0.315 -0.364  -0.3996
 384  [   4  1  1 ]      9.3838       9.6919      0.0938      8  -0.433 -0.250  -0.2253
 104  [   6  1  0 ]     11.6983      11.4139      0.0943    148  -0.742 -0.286   0.0695
 109  [   4  0  0 ]     12.0334      11.5791      0.0977     63  -0.866 -0.500   0.0977
 172  [   0  8  7 ]      4.9975       5.1380      0.0991      1   0.404  0.300  -0.2805
  73  [  15  0  0 ]     12.0355      11.6174      0.0998      2  -0.866 -0.500   0.0998
  57  [   1  5 11 ]      3.1275       4.1797      0.1014      1   0.509 -0.059  -0.5338
 362  [   0  9  3 ]      7.2321       6.7888      0.1023     12   0.217  0.625  -0.1394
 272  [  11  1  0 ]     11.8516      11.4620      0.1093     65  -0.794 -0.375   0.0949
  56  [   0  7 10 ]      3.7809       4.3301      0.1095      1   0.509  0.118  -0.3223
 262  [   4  2  6 ]      4.9851       6.2583      0.1130      1   0.144 -0.250  -0.6869
 283  [   0  2  4 ]      3.0009       3.8239      0.1133    140   0.577  0.000  -0.3446
  93  [   1  9  4 ]      6.9055       6.7676      0.1139     38   0.186  0.464  -0.2744
 114  [   6  2  0 ]     11.4692      11.0632      0.1139     11  -0.650 -0.125   0.0706
 305  [   2  2 15 ]      1.7805       3.4815      0.1174      1   0.593 -0.342  -0.6045
 164  [   0  7  9 ]      4.0490       4.5262      0.1178      1   0.487  0.156  -0.3030
  85  [  12  2  0 ]     11.7220      11.3990      0.1179      2  -0.742 -0.286   0.0932
 273  [   3  3  5 ]      5.3700       6.3403      0.1205      8   0.157 -0.091  -0.6110
 255  [   6  6  2 ]      9.1271       9.1991      0.1226     38  -0.247  0.143  -0.2005
 201  [   4  2  2 ]      8.0912       8.5810      0.1241     63  -0.217 -0.125  -0.3546
 168  [   5  2  7 ]      5.0484       6.3551      0.1285      8   0.124 -0.286  -0.6748
  64  [   1  5 11 ]      3.1554       4.1758      0.1293      1   0.509 -0.059  -0.5059
 205  [   4  1  0 ]     11.6012      11.2832      0.1299     87  -0.693 -0.200   0.0952
 367  [   1  3  7 ]      3.2597       4.3744      0.1299      1   0.472 -0.091  -0.5738
 261  [   3  1  9 ]      2.6929       4.7050      0.1307      8   0.400 -0.385  -0.9006
 203  [   2  4  1 ]      8.8295       8.8596      0.1319      5  -0.124  0.357  -0.1912
 196  [   5  2  1 ]      9.7932       9.8514      0.1320      1  -0.433 -0.125  -0.1290
 235  [   4  3 10 ]      3.8492       5.3520      0.1370      1   0.306 -0.235  -0.7597
 112  [   9  1  0 ]     11.8443      11.4706      0.1407      1  -0.779 -0.350   0.1234
 141  [  12  1  4 ]      8.7523       9.2713      0.1421      1  -0.408 -0.412  -0.2780
 248  [  10  2  4 ]      8.3995       8.8779      0.1422      9  -0.325 -0.312  -0.3149
 170  [   2  4  8 ]      3.9392       5.0565      0.1431    139   0.371 -0.071  -0.6335
 225  [  11  5  4 ]      8.7878       9.0681      0.1431      1  -0.303 -0.125  -0.2486
 357  [   3  3  7 ]      4.3971       5.6545      0.1458      1   0.266 -0.154  -0.6830
 236  [  15  0  1 ]     11.2388      11.0498      0.1501      1  -0.758 -0.500   0.0413
  88  [  12  2  0 ]     11.7547      11.3561      0.1506      1  -0.742 -0.286   0.1259
 276  [   3  9  0 ]     10.3456       9.5828      0.1512      8  -0.217  0.625   0.0213
 390  [   5  1  0 ]     11.7004      11.3674      0.1517      1  -0.722 -0.250   0.1228
 289  [   3  2  0 ]     11.1594      10.6954      0.1524     12  -0.520  0.100   0.0831
  63  [   1  5 11 ]      3.1787       4.2038      0.1526     38   0.509 -0.059  -0.4826
   3  [  18  2  0 ]     11.8584      11.4394      0.1548      1  -0.779 -0.350   0.1375
 380  [   2  2  4 ]      4.8598       6.1688      0.1550      1   0.217 -0.125  -0.6332
 324  [   5  1 10 ]      3.6130       5.4245      0.1551      1   0.271 -0.406  -0.8064
 290  [   2  0  2 ]      5.3633       6.7687      0.1568     11   0.000 -0.500  -0.6668
 334  [   1  7  8 ]      4.6881       5.2443      0.1571      1   0.379  0.156  -0.4021
 107  [   0  7  2 ]      7.5824       6.9825      0.1573      2   0.192  0.667  -0.0575
  27  [   7  1 11 ]      4.2335       5.9157      0.1577      8   0.182 -0.421  -0.7512
 275  [   8  3  1 ]     10.3842      10.2927      0.1583      1  -0.505 -0.125  -0.0301
 154  [  10  0  9 ]      5.7074       7.1049      0.1592      1  -0.046 -0.500  -0.6335
 342  [   2 10  2 ]      8.6112       8.1712      0.1598      1   0.000  0.571  -0.1025
 304  [  12  1  7 ]      7.2368       8.1876      0.1607      1  -0.217 -0.425  -0.4576
 103  [   3  2  4 ]      5.6446       6.7921      0.1625      8   0.096 -0.167  -0.5643
  25  [  12  6  1 ]     10.6528      10.4000      0.1636      2  -0.501 -0.026   0.0172
 149  [   8  1  9 ]      5.2613       6.6690      0.1662      1   0.048 -0.417  -0.6495
 282  [   2  2  4 ]      4.8716       6.0297      0.1668     74   0.217 -0.125  -0.6214
 330  [  11  1  4 ]      8.5692       9.0738      0.1668      1  -0.379 -0.406  -0.2795
  77  [  10  2  3 ]      9.0843       9.4342      0.1687      1  -0.404 -0.300  -0.2028
 378  [   5  3  0 ]     11.2350      10.7495      0.1699      8  -0.541  0.062   0.1050
 267  [   0  9  4 ]      6.6868       6.2831      0.1703      1   0.266  0.538  -0.1273
 373  [   0  7  5 ]      5.5735       5.6040      0.1705      1   0.361  0.375  -0.1876
 128  [  11  7  1 ]     10.5400      10.2109      0.1730     65  -0.456  0.053   0.0174
   2  [   3  0 17 ]      1.3126       3.2490      0.1735      1   0.606 -0.500  -0.5837
 184  [   3  5  4 ]      6.7117       7.2491      0.1771      6   0.072  0.125  -0.3917
 274  [   3  3  3 ]      6.8794       7.5830      0.1774      8   0.000  0.000  -0.4031
 257  [   6  3  4 ]      7.4189       8.0254      0.1782      8  -0.133 -0.154  -0.3868
 238  [  13  0  4 ]      8.9251       9.3537      0.1783      2  -0.458 -0.500  -0.2315
 331  [   9  9  0 ]     10.9556      10.3519      0.1808      1  -0.433  0.250   0.0942
  76  [  10  2  3 ]      9.0965       9.4059      0.1809      1  -0.404 -0.300  -0.1906
  12  [  13  7  0 ]     11.3045      10.8391      0.1814      1  -0.563  0.025   0.1207
 193  [   2  4  5 ]      5.2753       6.1637      0.1825     12   0.236  0.045  -0.5104
 178  [   5  3  4 ]      7.0525       7.7839      0.1833      1  -0.072 -0.125  -0.4091
 264  [   3  0 10 ]      1.9871       4.1980      0.1848     12   0.466 -0.500  -0.8632
  92  [   8  4  1 ]     10.3644      10.3090      0.1856     12  -0.466 -0.038  -0.0017
  91  [   8  4  1 ]     10.3652      10.2192      0.1864      1  -0.466 -0.038  -0.0009
 256  [   0  8  6 ]      5.4705       5.4785      0.1877     12   0.371  0.357  -0.1755
  26  [  11  5  3 ]      9.3755       9.4322      0.1907      1  -0.365 -0.105  -0.1299
 377  [   2  7  0 ]     10.3403       9.4564      0.1912      2  -0.192  0.667   0.0757
  30  [  12  6  1 ]     10.6810      10.3866      0.1918      2  -0.501 -0.026   0.0454
 314  [  13  7  0 ]     11.3154      10.8806      0.1923      6  -0.563  0.025   0.1317
 135  [   4  3 10 ]      3.9056       5.3847      0.1934      1   0.306 -0.235  -0.7032
 161  [   2  9  7 ]      5.9119       6.1907      0.1939      1   0.241  0.250  -0.3564
 140  [   9  0  9 ]      5.4005       6.8533      0.1940      1   0.000 -0.500  -0.6296
  82  [   9  1  4 ]      8.0921       8.7732      0.1945      1  -0.309 -0.393  -0.3155
 366  [   4  2  5 ]      5.6272       6.6485      0.1952      6   0.079 -0.227  -0.5492
  18  [  13  7  0 ]     11.3185      10.8674      0.1954      1  -0.563  0.025   0.1347
 204  [   0  4  2 ]      6.4394       6.1586      0.1954      6   0.289  0.500  -0.1269
 219  [   8  5  7 ]      6.8488       7.5597      0.1961      1  -0.043 -0.125  -0.4159
 349  [  10  2  2 ]      9.8646      10.0233      0.1966      1  -0.495 -0.286  -0.0769
 266  [   4  4  5 ]      6.2841       6.9663      0.1967     12   0.067 -0.038  -0.4478
   1  [  18  2  0 ]     11.9021      11.5171      0.1986      1  -0.779 -0.350   0.1813
 242  [  14  1  1 ]     11.1436      10.9577      0.2000      1  -0.704 -0.406   0.0803
 374  [   1  4  5 ]      4.7319       5.4087      0.2014      8   0.346  0.100  -0.4389
 180  [   1  5  6 ]      4.7323       5.3511      0.2016      1   0.361  0.125  -0.4026
 217  [   7  7  5 ]      7.7446       8.0489      0.2019      1  -0.091  0.053  -0.2913
 194  [   6  3  2 ]      9.0433       9.2460      0.2050      1  -0.315 -0.091  -0.1589
 227  [   2  5 11 ]      3.5941       4.6733      0.2052      1   0.433 -0.083  -0.5269
 325  [  15  0  2 ]     10.5479      10.5928      0.2066      1  -0.662 -0.500   0.0017
 230  [  16  0  1 ]     11.3454      11.2042      0.2069      1  -0.764 -0.500   0.1044
 234  [   7  6  6 ]      7.1725       7.6890      0.2076      1  -0.046 -0.026  -0.3549
 279  [   6  1  0 ]     11.8119      11.3855      0.2079      2  -0.742 -0.286   0.1831
 157  [   8  0  8 ]      5.4156       6.8107      0.2091      1   0.000 -0.500  -0.6145
  69  [  10  2  3 ]      9.1273       9.5154      0.2117      1  -0.404 -0.300  -0.1597
  70  [  10  2  3 ]      9.1277       9.4377      0.2121    157  -0.404 -0.300  -0.1593
 379  [   3  3  2 ]      7.9126       8.1744      0.2122      8  -0.108  0.062  -0.2646
 108  [   6  2  0 ]     11.5690      11.1396      0.2137     25  -0.650 -0.125   0.1704
 191  [   5  2  2 ]      8.6238       8.8875      0.2158      8  -0.289 -0.167  -0.2097
 200  [   4  4  1 ]      9.6137       9.4588      0.2158      6  -0.289  0.167  -0.0548
 354  [   5  2  7 ]      5.1366       6.4586      0.2168      1   0.124 -0.286  -0.5866
 368  [   1  4  5 ]      4.7487       5.4112      0.2182     65   0.346  0.100  -0.4221
 268  [   5  1  5 ]      5.8336       7.0283      0.2192      1   0.000 -0.364  -0.5381
  71  [   3  3  9 ]      3.7454       5.1784      0.2198      1   0.346 -0.200  -0.6740
 179  [   4  6  4 ]      7.3512       7.6115      0.2220     11   0.000  0.143  -0.2891
 346  [   9 11  0 ]     10.8808      10.2912      0.2221     79  -0.390  0.325   0.1268
 166  [   7  7  1 ]     10.1715       9.7813      0.2228      1  -0.346  0.200   0.0258
 175  [   3  2  8 ]      3.6303       5.1382      0.2236      1   0.333 -0.269  -0.7065
 147  [   5  7  5 ]      7.2778       7.7194      0.2240      1   0.000  0.118  -0.2994
  33  [   1 14  3 ]      8.2729       7.7043      0.2251      1   0.096  0.667  -0.0232
 151  [   6  1  9 ]      4.4946       6.0947      0.2251      1   0.162 -0.406  -0.6631
 243  [   6  3  7 ]      5.8676       6.9184      0.2257      1   0.054 -0.219  -0.4979
  28  [   5  5  9 ]      5.2504       6.2217      0.2302      1   0.182 -0.105  -0.5252
 258  [   8  3  2 ]      9.5454       9.7140      0.2306      1  -0.400 -0.154  -0.0774
 323  [   6  1 10 ]      4.1734       5.7454      0.2307      1   0.204 -0.412  -0.6883
 214  [  14  2  4 ]      9.2237       9.5209      0.2308      4  -0.433 -0.350  -0.1349
  52  [   6  4  8 ]      5.7142       6.6934      0.2322      1   0.096 -0.167  -0.4946
 126  [   6  5  9 ]      5.5871       6.5490      0.2330      1   0.130 -0.125  -0.4965
 293  [   4  8  1 ]      9.7000       9.2723      0.2344      2  -0.200  0.423  -0.0050
 202  [   1  6  2 ]      7.7634       7.3918      0.2350      2   0.096  0.500  -0.1153
 345  [   6  3  5 ]      6.8671       7.5078      0.2354      1  -0.062 -0.179  -0.3900
  29  [   8  7  4 ]      8.4638       8.5709      0.2367      1  -0.182  0.053  -0.1938
  20  [   5  5  9 ]      5.2570       6.2316      0.2369      1   0.182 -0.105  -0.5185
 313  [   6  9  4 ]      8.2521       8.3028      0.2371      1  -0.091  0.211  -0.1793
 215  [   2  4  8 ]      4.0339       5.0844      0.2378      8   0.371 -0.071  -0.5387
 321  [   8  5  4 ]      8.3020       8.6049      0.2381      1  -0.204 -0.059  -0.2227
 198  [   3  4  1 ]      9.3189       9.0906      0.2382      8  -0.217  0.250  -0.0661
 132  [   4  6  9 ]      5.1679       6.1046      0.2384      1   0.228 -0.026  -0.4946
 386  [   2  7  1 ]      9.2539       8.6509      0.2389      8  -0.087  0.550   0.0033
  89  [   9  1  4 ]      8.1374       8.7482      0.2398      1  -0.309 -0.393  -0.2702
 173  [   7  2  5 ]      7.0183       7.8822      0.2434      1  -0.124 -0.286  -0.3922
 252  [   4  4 10 ]      4.2981       5.5759      0.2484      1   0.289 -0.167  -0.5984
 105  [   6  2  0 ]     11.6041      11.2107      0.2488     20  -0.650 -0.125   0.2055
 335  [   8  4  3 ]      8.8549       9.1642      0.2489      1  -0.289 -0.100  -0.1457
  16  [  12  5  3 ]      9.5718       9.6747      0.2494      1  -0.390 -0.125  -0.0552
 309  [   7  6  7 ]      6.8024       7.4088      0.2500      1   0.000 -0.050  -0.3549
 259  [   1  4  8 ]      3.5960       4.5437      0.2504      1   0.466 -0.038  -0.4102
 100  [   0 11  1 ]      9.1548       7.9997      0.2534      1   0.072  0.875   0.1728
 143  [   7  2  8 ]      5.6074       6.8839      0.2550     12   0.051 -0.324  -0.5174
 125  [   1  9 10 ]      4.7867       5.0901      0.2555      1   0.390  0.175  -0.2766
 146  [   1  8  8 ]      5.0888       5.4513      0.2555      1   0.357  0.206  -0.2777
 231  [   2 14  3 ]      8.4829       7.8994      0.2578      1   0.046  0.605  -0.0048
 228  [   1 16  1 ]      9.5259       8.3868      0.2582    146   0.000  0.833   0.1562
 117  [   0  7  2 ]      7.6877       6.9679      0.2626      5   0.192  0.667   0.0478
  67  [   3  3  9 ]      3.7882       5.1937      0.2627      1   0.346 -0.200  -0.6311
 391  [   6  4  0 ]     11.2698      10.7332      0.2628      8  -0.520  0.100   0.1935
 359  [  10  2  0 ]     11.8127      11.4035      0.2639      1  -0.722 -0.250   0.2351
 171  [   8  3  4 ]      8.1218       8.6191      0.2646      1  -0.231 -0.200  -0.2345
  41  [   5  5  9 ]      5.2860       6.1945      0.2658      1   0.182 -0.105  -0.4895
 318  [   2  6 10 ]      4.2272       5.0845      0.2676      7   0.385  0.000  -0.4306
 218  [  14  3  2 ]     10.4104      10.2957      0.2679      1  -0.547 -0.263   0.0572
 223  [   6  4  9 ]      5.3939       6.4760      0.2681      1   0.137 -0.184  -0.4947
 118  [   0 11  1 ]      9.1733       8.0481      0.2720      1   0.072  0.875   0.1914
 163  [   9  5  6 ]      7.5746       8.0823      0.2726      1  -0.130 -0.125  -0.2807
 142  [   3  5  9 ]      4.5352       5.5293      0.2730      1   0.306 -0.059  -0.5156
 197  [   3  3  0 ]     11.0484      10.4213      0.2735    164  -0.433  0.250   0.1869
 310  [   0 17  3 ]      8.4669       7.4512      0.2741      1   0.130  0.775   0.1291
 153  [   6  4  6 ]      6.6031       7.1727      0.2750      1   0.000 -0.125  -0.3663
 187  [   0  7  4 ]      6.2171       5.9417      0.2789      1   0.315  0.455  -0.0564
  99  [   2  6  4 ]      6.6782       6.8369      0.2793      3   0.144  0.250  -0.2462
 281  [   4  2  1 ]      9.6158       9.5665      0.2795      8  -0.371 -0.071  -0.0188
 212  [   6  0 14 ]      2.8917       4.8444      0.2824      7   0.346 -0.500  -0.7762
 369  [   8  1  2 ]      9.5441       9.8075      0.2836      1  -0.472 -0.364  -0.0489
 306  [   4  3 12 ]      3.4801       4.9807      0.2841      1   0.365 -0.263  -0.6568
 358  [   2  3  7 ]      3.9678       5.1211      0.2845      1   0.361 -0.125  -0.5410
 237  [   5  4  9 ]      5.0453       6.1198      0.2848      1   0.192 -0.167  -0.5074
 167  [   5 12  0 ]     10.5828       9.7968      0.2860      1  -0.255  0.559   0.1637
 124  [   3  6 11 ]      4.3159       5.2802      0.2879      1   0.346 -0.050  -0.4792
 316  [   7  4  8 ]      6.0972       6.8903      0.2880      1   0.046 -0.184  -0.4131
 332  [   6  3  7 ]      5.9299       6.9382      0.2880      1   0.054 -0.219  -0.4356
 138  [   7  7  5 ]      7.8338       8.1286      0.2910      1  -0.091  0.053  -0.2022
 271  [   3  9  0 ]     10.4858       9.6739      0.2915      1  -0.217  0.625   0.1615
 241  [   5  6  5 ]      7.1847       7.5886      0.2958      1   0.000  0.062  -0.2544
 133  [  11  2  5 ]      8.2091       8.7692      0.2960      1  -0.289 -0.333  -0.2070
  38  [   1 14  3 ]      8.3446       7.6010      0.2967      1   0.096  0.667   0.0484
  84  [   1  9  4 ]      7.0894       6.7998      0.2978      1   0.186  0.464  -0.0905
 148  [   6 10  2 ]      9.4467       8.9557      0.3050     28  -0.192  0.333   0.0170
  22  [   4  9  6 ]      6.9687       7.1698      0.3057      1   0.091  0.211  -0.2195
  34  [   3 11  4 ]      7.9256       7.6565      0.3068      1   0.048  0.417  -0.0724
 337  [   5 10  0 ]     10.6951       9.9211      0.3072      1  -0.289  0.500   0.1917
 102  [   8  4  1 ]     10.4867      10.2369      0.3080      1  -0.466 -0.038   0.1207
  51  [   3  9  6 ]      6.7089       6.8612      0.3100      2   0.144  0.250  -0.2155
  97  [   2  6  4 ]      6.7103       6.7706      0.3114     12   0.144  0.250  -0.2141
 213  [  10  1  9 ]      6.0688       7.1280      0.3133      1  -0.043 -0.425  -0.4445
  48  [   1 14  3 ]      8.3658       7.5730      0.3180      1   0.096  0.667   0.0697
 162  [  10  2  4 ]      8.5753       9.0675      0.3180     31  -0.325 -0.312  -0.1391
 317  [  12  3  3 ]      9.6079       9.7543      0.3180      1  -0.433 -0.250  -0.0012
 388  [   1  3  1 ]      8.2397       7.9076      0.3226      1   0.000  0.400  -0.0447
 315  [   9  7  3 ]      9.2642       9.2033      0.3238      1  -0.273  0.053  -0.0151
 294  [   5  7  1 ]      9.9680       9.5298      0.3250      1  -0.266  0.308   0.0977
 131  [   8  5  7 ]      6.9780       7.5944      0.3253      1  -0.043 -0.125  -0.2866
 307  [   4  3 12 ]      3.5219       4.9851      0.3260      1   0.365 -0.263  -0.6149
 353  [   7  8  3 ]      8.9733       8.9462      0.3283      1  -0.192  0.167  -0.0390
 130  [   5 14  1 ]      9.9759       9.1557      0.3306      1  -0.173  0.550   0.1348
 216  [   9  4  6 ]      7.5082       8.1242      0.3320      1  -0.137 -0.184  -0.2453
 295  [   4  5  1 ]      9.7520       9.2407      0.3325      1  -0.260  0.250   0.0717
 156  [   7  2  7 ]      6.1023       7.0860      0.3350      1   0.000 -0.312  -0.3975
 145  [   5 10  4 ]      8.2452       7.9988      0.3358      8  -0.046  0.289  -0.0732
 372  [   1  4  5 ]      4.8677       5.4094      0.3373      8   0.346  0.100  -0.3030
  32  [  12  6  1 ]     10.8288      10.5093      0.3395      1  -0.501 -0.026   0.1932
 186  [   4  7  1 ]      9.7915       9.2226      0.3396      1  -0.217  0.375   0.0934
 155  [   6  5  5 ]      7.3570       7.7082      0.3428      1  -0.054 -0.031  -0.2163
  31  [  13  7  0 ]     11.4678      10.9512      0.3447      1  -0.563  0.025   0.2840
  50  [   1 14  3 ]      8.3931       7.6488      0.3453      1   0.096  0.667   0.0970
 351  [   4  4  6 ]      5.9086       6.6672      0.3478      8   0.124 -0.071  -0.3514
  68  [  12  4  0 ]     11.7035      11.2992      0.3482     14  -0.650 -0.125   0.3049
 150  [   1 13  3 ]      8.2964       7.6093      0.3509      1   0.102  0.647   0.0880
  42  [   4  9  6 ]      7.0195       7.1397      0.3564      1   0.091  0.211  -0.1687
 229  [   9  4  4 ]      8.5574       8.8613      0.3569      1  -0.255 -0.147  -0.0937
 254  [   9  4  5 ]      8.0138       8.4304      0.3587      1  -0.192 -0.167  -0.1636
 183  [   7  3  2 ]      9.4560       9.6092      0.3595     12  -0.361 -0.125   0.0259
 389  [   1  2  2 ]      6.0837       6.7352      0.3624    164   0.173  0.100  -0.2681
 333  [   4 12  1 ]      9.8880       9.0689      0.3635      1  -0.153  0.559   0.1637
  36  [   8  7  4 ]      8.5933       8.6805      0.3662      8  -0.182  0.053  -0.0643
 169  [   2  6  6 ]      5.6824       6.0832      0.3678      1   0.247  0.143  -0.2706
  61  [   0 17  0 ]     10.1604       8.7651      0.3732      1   0.000  1.000   0.3732
  24  [   8  7  4 ]      8.6013       8.7039      0.3743      2  -0.182  0.053  -0.0563
  54  [   6  4  8 ]      5.8569       6.5843      0.3749      1   0.096 -0.167  -0.3520
 277  [   2  3  4 ]      5.6450       6.1575      0.3754      1   0.192  0.000  -0.3252
  23  [   8  7  4 ]      8.6085       8.7052      0.3815      1  -0.182  0.053  -0.0491
 263  [   6  5  3 ]      8.5849       8.7362      0.3826      1  -0.186  0.036  -0.0525
  94  [   0 11  1 ]      9.2877       8.0043      0.3863      1   0.072  0.875   0.3057
 182  [   5  6  2 ]      9.1669       8.9410      0.3879      1  -0.200  0.192   0.0399
 350  [  13  1  2 ]     10.4850      10.4508      0.3885      1  -0.595 -0.406   0.1600
 393  [   0 11  1 ]      9.2916       8.1136      0.3902      1   0.072  0.875   0.3096
 260  [   3  8  3 ]      8.1753       8.0015      0.3917      1   0.000  0.357  -0.0018
   5  [  12  5  3 ]      9.7156       9.7374      0.3932      1  -0.390 -0.125   0.0887
 176  [   4  0 10 ]      2.8187       4.8750      0.3949    197   0.371 -0.500  -0.6805
 139  [   1 11  6 ]      6.6876       6.4419      0.4113      1   0.241  0.417   0.0019
 137  [   0 16  4 ]      8.0732       7.2191      0.4119      1   0.173  0.700   0.2186
  96  [   0 13  0 ]     10.2005       8.6158      0.4133      1   0.000  1.000   0.4133
  21  [   4  9  6 ]      7.0900       7.2397      0.4270     44   0.091  0.211  -0.0982
  40  [   8  7  4 ]      8.6553       8.7053      0.4282      1  -0.182  0.053  -0.0023
 322  [   8  1  8 ]      5.9073       6.9937      0.4369      1   0.000 -0.412  -0.3438
  74  [  12  2  0 ]     12.0445      11.6960      0.4405     12  -0.742 -0.286   0.4157
  11  [  12  5  3 ]      9.7882       9.7498      0.4659      1  -0.390 -0.125   0.1613
 190  [   4  4  2 ]      8.7834       8.5853      0.4839      1  -0.173  0.100   0.0694
 106  [   0  7  2 ]      7.9093       7.0862      0.4843     71   0.192  0.667   0.2694
 285  [   3  4  1 ]      9.5704       9.2544      0.4897      6  -0.217  0.250   0.1853
 160  [   8 11  1 ]     10.4743       9.8456      0.4932      1  -0.303  0.325   0.3108
