Gen   ID    Origin   Composition    Enthalpy   Volume  Density   Fitness   KPOINTS  SYMM  Q_entr A_order S_order
                                      (eV)     (A^3)  (g/cm^3)
  1  101   Random    [  11  0  0 ]   131.939   127.338  12.753      0.059  [ 4  4  4] 139  0.000  3.261  3.266 
  1  111   RandTop   [   0  5  0 ]    48.936    42.844   5.229      0.000  [ 8  6  3] 225  0.000  4.189  4.193 
  1    6   Random    [   3  0 17 ]    22.782    64.180   7.344      0.000  [ 6  6  3]   1  0.233  1.549  1.086 
  1   14   RandTop   [   4  4 12 ]    71.556   102.780   7.685      0.052  [ 6  4  3]   2  0.172  1.635  1.303 
  1   27   Random    [   7  1 11 ]    80.436   112.398   9.757      0.158  [ 5  5  3]   8  0.220  1.962  1.407 
  1   66   RandTop   [   0  7 10 ]    62.663    72.566   4.553      0.015  [ 5  7  2]   6  0.183  1.866  1.464 
  1   78   Random    [   0  3 11 ]    24.837    41.892   3.648      0.021  [ 5  4  8]   8  0.192  1.778  1.397 
  1  110   Random    [   1  3  2 ]    38.621    40.880   6.981      0.038  [ 5  5  5] 123  0.122  3.346  2.955 
  2  144 convexHull  [  11  0  0 ]   131.939   127.338  12.753      0.059  [ 4  4  4] 139  0.000  3.261  3.266 
  2  159 convexHull  [   0  5  0 ]    48.936    42.844   5.229      0.000  [ 8  6  3] 225  0.000  4.189  4.193 
  2  192   Random    [   0  0  7 ]     0.872    11.424   1.026      0.000  [ 8  8  8] 166  0.072  1.641  1.484 
  2  119 convexHull  [   3  0 17 ]    22.782    64.180   7.344      0.000  [ 6  6  3]   1  0.233  1.549  1.086 
  2  129   Random    [  16  0  3 ]   187.051   192.735  12.282      0.049  [ 4  3  3]   1  0.152  2.104  1.683 
  2  123 convexHull  [   0  7 10 ]    62.663    72.566   4.553      0.015  [ 5  7  2]   6  0.183  1.866  1.464 
  2  127 convexHull  [   0  3 11 ]    24.837    41.892   3.648      0.021  [ 5  4  8]   8  0.192  1.778  1.397 
  2  177   Random    [   1  3  9 ]    33.221    51.355   5.785      0.000  [ 5  5  6]  12  0.183  1.847  1.445 
  2  185   Random    [   8  1  3 ]   101.100   108.588  11.335      0.071  [ 4  4  4]   1  0.159  2.231  1.802 
  2  189   Random    [   2  0  6 ]    15.681    35.114   8.695      0.000  [ 7  7  4] 194  0.126  2.787  2.409 
  2  199   Random    [   0  4  2 ]    37.464    36.237   5.038      0.000  [ 8  5  5] 164  0.060  2.580  2.441 
  3  247   RandTop   [  16  0  0 ]   191.197   185.573  12.729      0.014  [ 4  3  4]  13  0.028  2.188  2.137 
  3  253 convexHull  [   0  5  0 ]    48.936    42.844   5.229      0.000  [ 8  6  3] 225  0.000  4.189  4.193 
  3  249 convexHull  [   0  0  7 ]     0.872    11.424   1.026      0.000  [ 8  8  8] 166  0.072  1.641  1.484 
  3  206 convexHull  [   3  0 17 ]    22.782    64.180   7.344      0.000  [ 6  6  3]   1  0.233  1.549  1.086 
  3  222  Heredity   [   1  4 13 ]    40.805    65.149   5.351      0.000  [ 5  7  3]  44  0.173  2.000  1.596 
  3  240   Random    [   1  2 13 ]    23.617    47.999   5.396      0.000  [ 5  5  7]   6  0.204  1.840  1.374 
  3  209 convexHull  [   0  3 11 ]    24.837    41.892   3.648      0.021  [ 5  4  8]   8  0.192  1.778  1.397 
  3  220 convexHull  [   1  3  9 ]    33.221    51.355   5.785      0.000  [ 5  5  6]  12  0.183  1.847  1.445 
  3  278  Heredity   [   0  4  6 ]    35.527    41.821   4.525      0.000  [ 5  7  4]   6  0.176  2.070  1.675 
  3  270   Random    [   5  1  4 ]    63.209    75.111  10.513      0.016  [ 5  5  4]   1  0.148  2.113  1.772 
  3  244 convexHull  [   2  0  6 ]    15.681    35.114   8.695      0.000  [ 7  7  4] 194  0.126  2.787  2.409 
  3  288  Heredity   [   5  0  2 ]    56.732    62.679  11.830      0.041  [ 4  5  5]  12  0.131  2.424  2.098 
  3  250 convexHull  [   0  4  2 ]    37.464    36.237   5.038      0.000  [ 8  5  5] 164  0.060  2.580  2.441 
  3  284  Heredity   [   1  3  1 ]    39.631    39.823   7.124      0.009  [ 5  5  5] 123  0.149  3.641  3.011 
  4  392  Heredity   [   4  0  0 ]    47.743    46.322  12.748      0.000  [ 4  7  5]  15  0.000  2.168  2.176 
  4  347 convexHull  [   0  5  0 ]    48.936    42.844   5.229      0.000  [ 8  6  3] 225  0.000  4.189  4.193 
  4  339 convexHull  [   0  0  7 ]     0.872    11.424   1.026      0.000  [ 8  8  8] 166  0.072  1.641  1.484 
  4  296 convexHull  [   3  0 17 ]    22.782    64.180   7.344      0.000  [ 6  6  3]   1  0.233  1.549  1.086 
  4  297 convexHull  [   1  4 13 ]    40.805    65.149   5.351      0.000  [ 5  7  3]  44  0.173  2.000  1.596 
  4  299 convexHull  [   1  2 13 ]    23.617    47.999   5.396      0.000  [ 5  5  7]   6  0.204  1.840  1.374 
  4  352   Random    [   1  0 13 ]     7.972    33.750   5.019      0.000  [ 6  6  6]   1  0.225  1.327  0.970 
  4  356  Heredity   [   0  3 10 ]    24.420    39.357   3.840      0.000  [ 5  5  7]  12  0.106  1.619  1.421 
  4  303 convexHull  [   1  3  9 ]    33.221    51.355   5.785      0.000  [ 5  5  6]  12  0.183  1.847  1.445 
  4  360   Random    [   7  0  5 ]    75.464    92.330  11.283      0.000  [ 4  4  4]   2  0.037  2.718  2.630 
  4  365  Heredity   [   0  3  8 ]    25.195    36.774   4.019      0.000  [ 6  7  4]  10  0.187  1.911  1.502 
  4  371   Random    [   0  4  7 ]    35.047    43.156   4.424      0.000  [ 6  5  6]   1  0.087  1.986  1.827 
  4  327 convexHull  [   0  4  6 ]    35.527    41.821   4.525      0.000  [ 5  7  4]   6  0.176  2.070  1.675 
  4  387   Random    [   2  6  0 ]    81.555    77.787   7.252      0.000  [ 5  5  5] 221  0.000  4.290  4.293 
  4  338 convexHull  [   2  0  6 ]    15.681    35.114   8.695      0.000  [ 7  7  4] 194  0.126  2.787  2.409 
  4  343 convexHull  [   0  4  2 ]    37.464    36.237   5.038      0.000  [ 8  5  5] 164  0.060  2.580  2.441 
