Gen   ID    Origin   Composition    Enthalpy   Volume  Density   Fitness   KPOINTS  SYMM  Q_entr A_order S_order
                                      (eV)     (A^3)  (g/cm^3)
  1    1   Random    [  18  2  0 ]   238.043   230.341  11.926      0.199  [ 3  4  3]   1  0.110  1.993  1.768
  1    2   Random    [   3  0 17 ]    26.252    64.981   7.254      0.173  [ 6  5  5]   1  0.244  1.432  0.971
  1    3   Random    [  18  2  0 ]   237.168   228.787  12.007      0.155  [ 4  3  4]   1  0.126  2.070  1.795
  1    4   Random    [  12  5  3 ]   219.393   220.679   9.066      1.647  [ 4  4  4]   1  0.262  1.570  0.980
  1    5   Random    [  12  5  3 ]   194.312   194.749  10.273      0.393  [ 3  3  4]   1  0.219  1.634  1.151
  1    6   Random    [   3  0 17 ]    22.782    64.180   7.344      0.000  [ 6  6  3]   1  0.233  1.549  1.086
  1    7   Random    [   3  0 17 ]    22.841    64.080   7.356      0.003  [ 6  4  4]   1  0.229  1.531  1.094
  1    8   Random    [  13  7  0 ]   281.924   224.007   9.968      2.973  [ 3  3  3]   1  0.248  1.599  1.051
  1    9   RandTop   [   4  4 12 ]    75.011   102.636   7.695      0.225  [ 3  6  4]   8  0.157  1.767  1.449
  1   10   Random    [  13  7  0 ]   236.450   229.958   9.710      0.699  [ 3  3  3]   1  0.168  1.782  1.441
  1   11   Random    [  12  5  3 ]   195.764   194.996  10.260      0.466  [ 4  4  3]   1  0.232  1.724  1.179
  1   12   RandTop   [  13  7  0 ]   226.090   216.782  10.300      0.181  [ 3  4  3]   1  0.125  2.072  1.800
  1   13   RandTop   [   4  9  6 ]   133.568   134.799   7.447      0.367  [ 4  3  5]   1  0.243  1.735  1.160
  1   14   RandTop   [   4  4 12 ]    71.556   102.780   7.685      0.052  [ 6  4  3]   2  0.172  1.635  1.303
  1   15   Random    [  11  5  3 ]   326.722   182.563  10.150      8.011  [ 3  3  4]   1  0.285  1.706  0.933
  1   16   RandTop   [  12  5  3 ]   191.435   193.494  10.339      0.249  [ 3  4  3]   1  0.199  1.799  1.309
  1   17   RandTop   [   5  5  9 ]   106.311   122.245   7.994      0.575  [ 4  4  4]   1  0.261  1.543  0.967
  1   18   Random    [  13  7  0 ]   226.369   217.349  10.273      0.195  [ 4  3  3]   1  0.078  2.241  2.069
  1   19   Random    [  11  5  3 ]   268.076   178.980  10.353      4.925  [ 3  3  4]   1  0.223  2.025  1.364
  1   20   Random    [   5  5  9 ]    99.884   118.400   8.254      0.237  [ 4  3  4]   1  0.251  1.554  1.019
  1   21   Random    [   4  9  6 ]   134.710   137.555   7.297      0.427  [ 4  5  4]  44  0.261  1.898  1.138
  1   22   Random    [   4  9  6 ]   132.405   136.226   7.369      0.306  [ 4  4  4]   1  0.240  1.676  1.122
  1   23   Random    [   8  7  4 ]   163.562   165.399   9.077      0.382  [ 3  3  5]   1  0.241  1.589  1.041
  1   24   Random    [   8  7  4 ]   163.426   165.374   9.079      0.374  [ 4  5  3]   2  0.226  1.763  1.206
  1   25   Random    [  12  6  1 ]   202.403   197.600  10.334      0.164  [ 4  4  3]   2  0.099  2.652  2.299
  1   26   Random    [  11  5  3 ]   178.134   179.211  10.340      0.191  [ 3  3  3]   1  0.166  2.149  1.676
  1   27   Random    [   7  1 11 ]    80.436   112.398   9.757      0.158  [ 5  5  3]   8  0.220  1.962  1.407
  1   28   Random    [   5  5  9 ]    99.758   118.213   8.267      0.230  [ 4  4  4]   1  0.228  1.637  1.153
  1   29   Random    [   8  7  4 ]   160.812   162.847   9.220      0.237  [ 4  4  4]   1  0.178  2.289  1.731
  1   30   Random    [  12  6  1 ]   202.939   197.345  10.348      0.192  [ 3  4  3]   2  0.125  2.128  1.816
  1   31   Random    [  13  7  0 ]   229.355   219.023  10.195      0.345  [ 4  4  2]   1  0.108  1.933  1.718
  1   32   Random    [  12  6  1 ]   205.746   199.678  10.227      0.340  [ 3  4  4]   1  0.176  1.794  1.410
  1   33   Random    [   1 14  3 ]   148.913   138.677   5.624      0.225  [ 4  4  4]   1  0.150  2.822  2.183
  1   34   Random    [   3 11  4 ]   142.662   137.818   6.838      0.307  [ 4  4  4]   1  0.223  1.760  1.232
  1   35   Random    [   0 19  0 ]   441.269   159.734   5.329     13.438  [ 3  3  4]   1  0.269  1.816  1.089
  1   36   RandTop   [   8  7  4 ]   163.272   164.929   9.103      0.366  [ 7  3  2]   8  0.224  2.032  1.421
  1   37   RandTop   [  11  5  3 ]   223.924   208.519   8.886      2.601  [ 4  3  3]   1  0.262  1.718  1.041
  1   38   Random    [   1 14  3 ]   150.202   136.818   5.700      0.297  [ 5  5  3]   1  0.205  1.890  1.397
  1   39   Random    [   5  5  9 ]   100.132   119.184   8.199      0.250  [ 5  5  3]   1  0.229  1.546  1.089
  1   40   Random    [   8  7  4 ]   164.451   165.400   9.077      0.428  [ 4  3  4]   1  0.233  1.686  1.136
  1   41   RandTop   [   5  5  9 ]   100.434   117.696   8.303      0.266  [ 6  5  2]   1  0.232  1.711  1.184
  1   42   Random    [   4  9  6 ]   133.370   135.654   7.400      0.356  [ 4  4  3]   1  0.252  1.725  1.104
  1   43   RandTop   [  19  0  0 ]   228.025   220.923  12.697      0.066  [ 5  5  2]   2  0.070  2.103  1.959
  1   44   Random    [   2  1 15 ]    23.718    57.350   6.367      0.029  [ 5  6  4]   1  0.229  1.462  1.043
  1   45   Random    [   2  1 15 ]    23.877    56.428   6.471      0.038  [ 4  4  7]   1  0.231  1.470  1.033
  1   46   RandTop   [  12  6  1 ]   219.633   202.691  10.075      1.070  [ 3  3  3]   1  0.224  2.075  1.432
  1   47   Random    [  18  0  0 ]   216.089   208.635  12.737      0.069  [ 5  4  2] 139  0.000  3.228  3.233
  1   48   Random    [   1 14  3 ]   150.585   136.315   5.721      0.318  [ 5  3  3]   1  0.225  1.814  1.275
  1   49   Random    [   3  9  6 ]   129.729   126.181   6.785      0.808  [ 3  3  5]   1  0.253  1.530  1.000
  1   50   Random    [   1 14  3 ]   151.076   137.679   5.665      0.345  [ 4  4  4]   1  0.200  1.788  1.331
  1   51   Random    [   3  9  6 ]   120.760   123.501   6.932      0.310  [ 3  4  5]   2  0.223  1.703  1.203
  1   52   RandTop   [   6  4  8 ]   102.856   120.481   8.951      0.232  [ 4  3  5]   1  0.242  1.576  1.069
  1   53   Random    [   3 11  4 ]   156.193   142.952   6.593      1.059  [ 3  3  5]   1  0.226  1.696  1.183
  1   54   Random    [   6  4  8 ]   105.424   118.517   9.099      0.375  [ 3  4  4]   1  0.247  1.569  1.043
  1   55   Random    [   3 11  4 ]   157.388   142.886   6.596      1.125  [ 4  4  4]   1  0.252  1.555  1.018
  1   56   Random    [   0  7 10 ]    64.276    73.612   4.488      0.110  [ 5  5  4]   1  0.213  1.604  1.177
  1   57   Random    [   1  5 11 ]    53.168    71.055   5.490      0.101  [ 4  5  5]   1  0.178  1.648  1.311
  1   58   RandTop   [   3 11  4 ]   147.593   141.447   6.663      0.581  [ 4  4  4]   1  0.244  1.646  1.084
  1   59   Random    [   1  5 11 ]   201.288    72.404   5.387      8.814  [ 5  3  6]  25  0.257  1.692  1.055
  1   60   Random    [   0  7 10 ]    63.666    73.071   4.521      0.074  [ 5  5  4]   1  0.183  1.609  1.271
  1   61   Random    [   0 17  0 ]   172.727   149.008   5.112      0.373  [ 4  4  3]   1  0.097  2.041  1.845
  1   62   Random    [   0  7 10 ]    62.663    72.578   4.552      0.015  [ 5  5  5] 146  0.118  2.067  1.809
  1   63   Random    [   1  5 11 ]    54.038    71.465   5.458      0.153  [ 6  6  3]  38  0.207  1.807  1.314
  1   64   RandTop   [   1  5 11 ]    53.642    70.988   5.495      0.129  [ 5  5  4]   1  0.199  1.567  1.200
  1   65   Random    [   0  7 10 ]    63.708    73.366   4.503      0.076  [ 5  5  5]   1  0.189  1.673  1.306
  1   66   RandTop   [   0  7 10 ]    62.663    72.566   4.553      0.015  [ 5  7  2]   6  0.183  1.866  1.464
  1   67   Random    [   3  3  9 ]    56.823    77.906   7.604      0.263  [ 4  4  6]   1  0.223  1.533  1.108
  1   68   Random    [  12  4  0 ]   187.256   180.787  10.791      0.348  [ 3  3  4]  14  0.096  1.954  1.763
  1   69   Random    [  10  2  3 ]   136.910   142.731  11.006      0.212  [ 4  4  3]   1  0.223  1.782  1.245
  1   70   Random    [  10  2  3 ]   136.916   141.565  11.097      0.212  [ 5  5  2] 157  0.186  2.703  2.069
  1   71   Random    [   3  3  9 ]    56.180    77.676   7.626      0.220  [ 5  4  5]   1  0.225  1.731  1.239
  1   72   Random    [   3  3  9 ]    60.407    77.536   7.640      0.502  [ 4  5  4]   1  0.226  1.587  1.140
  1   73   Random    [  15  0  0 ]   180.533   174.260  12.708      0.100  [ 4  3  3]   2  0.080  2.082  1.924
  1   74   Random    [  12  2  0 ]   168.623   163.744  11.366      0.441  [ 3  4  4]  12  0.165  1.833  1.463
  1   75   Random    [   1  9  4 ]   103.033    96.488   5.779      0.568  [ 5  5  3]   8  0.216  1.904  1.366
  1   76   RandTop   [  10  2  3 ]   136.447   141.089  11.134      0.181  [ 4  3  4]   1  0.220  1.862  1.287
  1   77   Random    [  10  2  3 ]   136.264   141.513  11.101      0.169  [ 3  5  4]   1  0.199  1.970  1.434
  1   78   Random    [   0  3 11 ]    24.837    41.892   3.648      0.021  [ 5  4  8]   8  0.192  1.778  1.397
  1   79   Random    [   1  9  4 ]   111.398    99.578   5.599      1.165  [ 4  4  5]   3  0.209  1.882  1.289
  1   80   Random    [  10  2  3 ]   308.853   141.234  11.123     11.675  [ 4  4  4]   8  0.239  1.760  1.156
  1   81   Random    [   0  3 11 ]    25.125    41.126   3.716      0.042  [ 5  5  7]   1  0.150  1.566  1.333
  1   82   Random    [   9  1  4 ]   113.290   122.825  11.237      0.195  [ 3  4  4]   1  0.202  1.781  1.335
  1   83   Random    [   1  9  4 ]   105.442    98.023   5.688      0.740  [ 4  4  4]   1  0.203  1.641  1.242
  1   84   Random    [   1  9  4 ]    99.252    95.197   5.857      0.298  [ 5  3  5]   1  0.216  1.840  1.333
  1   85   Random    [  12  2  0 ]   164.108   159.587  11.663      0.118  [ 4  4  3]   2  0.036  3.143  3.038
  1   86   Random    [   0  3 11 ]    25.131    41.063   3.722      0.042  [ 5  5  8]   1  0.147  1.620  1.382
  1   87   Random    [   1  9  4 ]   102.964    96.386   5.785      0.563  [ 5  4  4]   1  0.226  1.583  1.128
  1   88   Random    [  12  2  0 ]   164.566   158.986  11.707      0.151  [ 3  4  4]   1  0.037  3.021  2.922
  1   89   RandTop   [   9  1  4 ]   113.924   122.475  11.269      0.240  [ 5  5  3]   1  0.221  1.672  1.211
  1   90   Random    [   0 13  0 ]   128.002   110.577   5.267      0.059  [ 3  4  5] 139  0.000  2.816  2.823
  1   91   Random    [   8  4  1 ]   134.748   132.849  10.252      0.186  [ 5  3  4]   1  0.117  2.108  1.839
  1   92   Random    [   8  4  1 ]   134.738   134.017  10.162      0.186  [ 4  5  3]  12  0.114  2.444  2.080
  1   93   RandTop   [   1  9  4 ]    96.678    94.746   5.885      0.114  [ 3  5  5]  38  0.173  2.553  2.020
  1   94   Random    [   0 11  1 ]   111.452    96.051   5.148      0.386  [ 4  4  4]   1  0.119  2.164  1.910
  1   95   RandTop   [  12  2  0 ]   163.974   159.433  11.674      0.108  [ 5  5  2]   2  0.022  3.368  3.306
  1   96   Random    [   0 13  0 ]   132.606   112.006   5.200      0.413  [ 4  4  4]   1  0.085  2.039  1.876
  1   97   Random    [   2  6  4 ]    80.524    81.248   7.025      0.311  [ 3  3  8]  12  0.206  1.994  1.485
  1   98   Random    [   0 11  1 ]   107.795    95.570   5.174      0.082  [ 4  5  4]   1  0.081  2.906  2.649
  1   99   RandTop   [   2  6  4 ]    80.139    82.042   6.957      0.279  [ 5  4  4]   3  0.206  2.053  1.531
  1  100   RandTop   [   0 11  1 ]   109.858    95.996   5.151      0.253  [ 4  5  5]   1  0.150  1.858  1.552
  1  101   Random    [  11  0  0 ]   131.939   127.338  12.753      0.059  [ 4  4  4] 139  0.000  3.261  3.266
  1  102   Random    [   8  4  1 ]   136.328   133.079  10.234      0.308  [ 3  4  4]   1  0.172  1.829  1.443
  1  103   Random    [   3  2  4 ]    50.801    61.128   8.821      0.163  [ 6  5  5]   8  0.179  1.859  1.484
  1  104   Random    [   6  1  0 ]    81.888    79.897  11.647      0.094  [ 4  4  4] 148  0.009  3.273  3.249
  1  105   Random    [   6  2  0 ]    92.833    89.686  10.876      0.249  [ 5  4  4]  20  0.077  2.061  1.914
  1  106   Random    [   0  7  2 ]    71.184    63.776   4.970      0.484  [ 5  5  5]  71  0.184  2.416  1.862
  1  107   Random    [   0  7  2 ]    68.242    62.843   5.044      0.157  [ 5  6  4]   2  0.144  2.510  2.043
  1  108   RandTop   [   6  2  0 ]    92.552    89.117  10.945      0.214  [ 2  7  5]  25  0.021  2.805  2.757
  1  109   Random    [   4  0  0 ]    48.134    46.316  12.750      0.098  [ 7  3  7]  63  0.001  2.899  2.903
  1  110   Random    [   1  3  2 ]    38.621    40.880   6.981      0.038  [ 5  5  5] 123  0.122  3.346  2.955
  1  111   RandTop   [   0  5  0 ]    48.936    42.844   5.229      0.000  [ 8  6  3] 225  0.000  4.189  4.193
  1  112   Random    [   9  1  0 ]   118.443   114.706  11.974      0.141  [ 4  5  3]   1  0.087  2.307  2.114
  1  113   Random    [   7  0  0 ]    84.011    81.134  12.737      0.066  [ 4  4  4] 225  0.000  4.442  4.445
  1  114   Random    [   6  2  0 ]    91.754    88.505  11.021      0.114  [ 3  7  4]  11  0.078  2.391  2.221
  1  115   Random    [   0  6  0 ]    59.101    50.858   5.286      0.063  [ 4  5  7]   1  0.000  3.764  3.769
  1  116   RandTop   [   0  7  2 ]    71.760    63.947   4.957      0.548  [ 5  5  5]   5  0.177  2.017  1.612
  1  117   Random    [   0  7  2 ]    69.189    62.711   5.055      0.263  [ 5  5  5]   5  0.173  1.825  1.459
  1  118   Random    [   0 11  1 ]   110.080    96.577   5.120      0.272  [ 5  4  4]   1  0.169  1.852  1.478
  2  119 convexHull  [   3  0 17 ]    22.782    64.180   7.344      0.000  [ 6  6  3]   1  0.233  1.549  1.086
  2  120 convexHull  [   4  4 12 ]    71.556   102.780   7.685      0.052  [ 6  4  3]   2  0.172  1.635  1.303
  2  121 convexHull  [   7  1 11 ]    80.436   112.398   9.757      0.158  [ 5  5  3]   8  0.220  1.962  1.407
  2  122 convexHull  [   0  0 18 ] 100000.000    27.721   1.087   5555.431  [ 1  1  1]  46  0.168  1.474  1.199
  2  123 convexHull  [   0  7 10 ]    62.663    72.566   4.553      0.015  [ 5  7  2]   6  0.183  1.866  1.464
  2  124   Random    [   3  6 11 ]    86.317   105.603   6.914      0.288  [ 4  4  4]   1  0.227  1.504  1.067
  2  125   Random    [   1  9 10 ]    95.735   101.803   5.576      0.256  [ 4  5  4]   1  0.225  1.596  1.142
  2  126   RandTop   [   6  5  9 ]   111.742   130.980   8.588      0.233  [ 5  2  6]   1  0.251  1.754  1.153
  2  127 convexHull  [   0  3 11 ]    24.837    41.892   3.648      0.021  [ 5  4  8]   8  0.192  1.778  1.397
  2  128   Random    [  11  7  1 ]   200.259   194.007   9.996      0.173  [ 4  6  2]  65  0.103  3.097  2.683
  2  129   Random    [  16  0  3 ]   187.051   192.735  12.282      0.049  [ 4  3  3]   1  0.152  2.104  1.683
  2  130   Random    [   5 14  1 ]   199.519   183.113   7.466      0.331  [ 4  4  3]   1  0.172  1.874  1.494
  2  131  Heredity   [   8  5  7 ]   139.561   151.887   9.328      0.325  [ 4  4  3]   1  0.252  1.626  1.050
  2  132   RandTop   [   4  6  9 ]    98.189   115.988   7.539      0.238  [ 3  5  3]   1  0.262  1.705  1.066
  2  133   Random    [  11  2  5 ]   147.763   157.845  10.909      0.296  [ 4  4  3]   1  0.234  1.704  1.166
  2  134   Random    [  16  0  2 ]   189.251   190.573  12.412      0.084  [ 3  4  4]   1  0.169  1.803  1.422
  2  135  Heredity   [   4  3 10 ]    66.395    91.539   8.102      0.193  [ 5  7  2]   1  0.237  1.904  1.323
  2  136  Heredity   [   1  4 12 ]    41.936    64.069   5.415      0.037  [ 6  7  3]   8  0.214  1.854  1.361
  2  137   RandTop   [   0 16  4 ]   161.464   144.381   5.011      0.412  [ 3  5  4]   1  0.217  1.658  1.171
  2  138   Random    [   7  7  5 ]   148.841   154.444   8.776      0.291  [ 4  3  4]   1  0.245  1.680  1.102
  2  139   Random    [   1 11  6 ]   120.377   115.955   5.610      0.411  [ 4  4  3]   1  0.238  1.628  1.104
  2  140   Random    [   9  0  9 ]    97.209   123.360  10.893      0.194  [ 4  4  4]   1  0.189  1.670  1.302
  2  141  Heredity   [  12  1  4 ]   148.789   157.612  11.567      0.142  [ 5  5  2]   1  0.194  2.339  1.704
  2  142  Heredity   [   3  5  9 ]    77.099    93.999   7.255      0.273  [ 5  5  4]   1  0.242  1.610  1.092
  2  143   Random    [   7  2  8 ]    95.325   117.026   9.711      0.255  [ 5  4  3]  12  0.182  1.753  1.346
  2  144 convexHull  [  11  0  0 ]   131.939   127.338  12.753      0.059  [ 4  4  4] 139  0.000  3.261  3.266
  2  145   RandTop   [   5 10  4 ]   156.658   151.977   7.849      0.336  [ 2  3  8]   8  0.250  2.276  1.414
  2  146  Heredity   [   1  8  8 ]    86.509    92.672   5.605      0.256  [ 4  4  4]   1  0.223  1.610  1.148
  2  147   RandTop   [   5  7  5 ]   123.723   131.229   8.079      0.224  [ 5  5  3]   1  0.235  1.634  1.131
  2  148   Random    [   6 10  2 ]   170.041   161.202   8.295      0.305  [ 4  5  2]  28  0.202  2.219  1.645
  2  149   Random    [   8  1  9 ]    94.703   120.042  10.337      0.166  [ 6  5  2]   1  0.215  1.692  1.232
  2  150   RandTop   [   1 13  3 ]   141.038   129.358   5.683      0.351  [ 3  4  4]   1  0.206  1.782  1.317
  2  151  Heredity   [   6  1  9 ]    71.914    97.516   9.697      0.225  [ 5  4  4]   1  0.223  1.518  1.091
  2  152   Random    [   0 14  3 ]   149.486   125.972   5.019      0.882  [ 3  5  4]   1  0.206  1.696  1.266
  2  153  Heredity   [   6  4  6 ]   105.649   114.764   9.367      0.275  [ 5  5  3]   1  0.238  1.784  1.185
  2  154   Random    [  10  0  9 ]   108.441   134.993  11.048      0.159  [ 3  4  4]   1  0.193  1.610  1.242
  2  155  Heredity   [   6  5  5 ]   117.713   123.332   9.066      0.343  [ 4  4  3]   1  0.243  1.752  1.159
  2  156  Heredity   [   7  2  7 ]    97.637   113.376  10.009      0.335  [ 4  3  5]   1  0.248  1.523  1.019
  2  157  Heredity   [   8  0  8 ]    86.650   108.972  10.961      0.209  [ 3  7  3]   1  0.243  1.761  1.179
  2  158 convexHull  [   1  3  2 ]    38.621    40.880   6.981      0.038  [ 5  5  5] 123  0.122  3.346  2.955
  2  159 convexHull  [   0  5  0 ]    48.936    42.844   5.229      0.000  [ 8  6  3] 225  0.000  4.189  4.193
  2  160   Random    [   8 11  1 ]   209.486   196.912   8.509      0.493  [ 4  4  2]   1  0.191  1.757  1.341
  2  161  Heredity   [   2  9  7 ]   106.413   111.432   6.374      0.194  [ 4  3  5]   1  0.226  1.732  1.229
  2  162   Random    [  10  2  4 ]   137.205   145.080  10.840      0.318  [ 4  5  3]  31  0.200  1.809  1.361
  2  163   Random    [   9  5  6 ]   151.491   161.645   9.668      0.273  [ 3  4  4]   1  0.242  1.670  1.103
  2  164   Random    [   0  7  9 ]    64.784    72.418   4.539      0.118  [ 5  6  3]   1  0.217  1.692  1.226
  2  165   Random    [   3 15  1 ]   197.524   168.599   6.623      0.929  [ 3  3  5]   1  0.195  1.760  1.341
  2  166  Heredity   [   7  7  1 ]   152.572   146.720   9.193      0.223  [ 4  5  3]   1  0.133  2.291  1.916
  2  167   Random    [   5 12  0 ]   179.907   166.546   7.660      0.286  [ 3  4  4]   1  0.147  1.907  1.600
  2  168  Heredity   [   5  2  7 ]    70.677    88.972   9.435      0.129  [ 3  4  7]   8  0.196  1.841  1.409
  2  169  Heredity   [   2  6  6 ]    79.554    85.165   6.741      0.368  [ 4  4  5]   1  0.223  1.613  1.166
  2  170  Heredity   [   2  4  8 ]    55.148    70.791   6.892      0.143  [ 3  5  6] 139  0.178  2.289  1.793
  2  171   Random    [   8  3  4 ]   121.828   129.286  10.227      0.265  [ 3  4  4]   1  0.227  1.790  1.239
  2  172   Random    [   0  8  7 ]    74.962    77.069   4.803      0.099  [ 5  5  4]   1  0.211  1.819  1.337
  2  173  Heredity   [   7  2  5 ]    98.257   110.351  10.253      0.243  [ 4  5  3]   1  0.217  1.696  1.230
  2  174  Heredity   [   0  6  8 ]    53.992    61.334   4.601      0.016  [ 5  7  3]   6  0.167  2.164  1.763
  2  175  Heredity   [   3  2  8 ]    47.194    66.796   8.172      0.224  [ 4  4  6]   1  0.234  1.573  1.114
  2  176   Random    [   4  0 10 ]    39.462    68.250   8.898      0.395  [ 5  5  5] 197  0.194  2.043  1.534
  2  177   Random    [   1  3  9 ]    33.221    51.355   5.785      0.000  [ 5  5  6]  12  0.183  1.847  1.445
  2  178  Heredity   [   5  3  4 ]    84.630    93.406   9.413      0.183  [ 4  5  5]   1  0.213  1.772  1.296
  2  179   RandTop   [   4  6  4 ]   102.917   106.561   8.127      0.222  [ 3  3  7]  11  0.232  1.966  1.347
  2  180  Heredity   [   1  5  6 ]    56.788    64.214   5.944      0.202  [ 5  5  5]   1  0.231  1.717  1.229
  2  181  Heredity   [   7  1  3 ]    89.315    97.316  11.131      0.091  [ 4  4  4]   1  0.163  2.230  1.804
  2  182   Random    [   5  6  2 ]   119.170   116.233   8.692      0.388  [ 4  4  3]   1  0.209  1.742  1.295
  2  183   RandTop   [   7  3  2 ]   113.472   115.310  10.157      0.359  [ 5  5  3]  12  0.216  1.938  1.405
  2  184  Heredity   [   3  5  4 ]    80.541    86.990   7.744      0.177  [ 4  4  5]   6  0.251  1.827  1.218
  2  185   Random    [   8  1  3 ]   101.100   108.588  11.335      0.071  [ 4  4  4]   1  0.159  2.231  1.802
  2  186  Heredity   [   4  7  1 ]   117.498   110.672   8.185      0.340  [ 6  5  2]   1  0.123  2.360  2.060
  2  187  Heredity   [   0  7  4 ]    68.388    65.358   4.901      0.279  [ 4  5  5]   1  0.223  1.679  1.219
  2  188   Random    [   0  2  9 ]    17.069    29.898   3.501      0.045  [ 8  6  5]   1  0.179  1.486  1.207
  2  189   Random    [   2  0  6 ]    15.681    35.114   8.695      0.000  [ 7  7  4] 194  0.126  2.787  2.409
  2  190  Heredity   [   4  4  2 ]    87.834    85.853   9.005      0.484  [ 4  5  4]   1  0.214  1.902  1.388
  2  191  Heredity   [   5  2  2 ]    77.615    79.988  10.391      0.216  [ 6  5  3]   8  0.236  1.898  1.328
  2  192   Random    [   0  0  7 ]     0.872    11.424   1.026      0.000  [ 8  8  8] 166  0.072  1.641  1.484
  2  193   Random    [   2  4  5 ]    58.029    67.801   7.122      0.182  [ 4  6  4]  12  0.204  1.827  1.364
  2  194   Random    [   6  3  2 ]    99.477   101.706  10.064      0.205  [ 4  4  4]   1  0.203  1.863  1.380
  2  195   Random    [   1  4  3 ]    51.067    52.579   6.312      0.510  [ 4  5  5]   8  0.206  1.788  1.359
  2  196  Heredity   [   5  2  1 ]    78.345    78.811  10.524      0.132  [ 4  4  4]   1  0.118  2.661  2.304
  2  197   Random    [   3  3  0 ]    66.290    62.528   9.233      0.274  [ 6  6  4] 164  0.089  2.791  2.558
  2  198  Heredity   [   3  4  1 ]    74.551    72.725   8.577      0.238  [ 5  4  6]   8  0.139  2.748  2.264
  2  199   Random    [   0  4  2 ]    37.464    36.237   5.038      0.000  [ 8  5  5] 164  0.060  2.580  2.441
  2  200  Heredity   [   4  4  1 ]    86.523    85.129   9.062      0.216  [ 7  5  2]   6  0.166  2.720  2.186
  2  201  Heredity   [   4  2  2 ]    64.729    68.648   9.956      0.124  [ 4  5  5]  63  0.163  2.476  2.008
  2  202   Random    [   1  6  2 ]    69.871    66.526   6.310      0.235  [ 5  5  5]   2  0.159  2.068  1.680
  2  203   Random    [   2  4  1 ]    61.806    62.017   7.678      0.132  [ 5  5  5]   5  0.205  2.167  1.656
  2  204   RandTop   [   0  4  2 ]    38.636    36.952   4.941      0.195  [ 8  3  8]   6  0.169  2.585  2.136
  2  205  Heredity   [   4  1  0 ]    58.006    56.416  11.262      0.130  [ 5  6  5]  87  0.037  3.182  3.083
  3  206 convexHull  [   3  0 17 ]    22.782    64.180   7.344      0.000  [ 6  6  3]   1  0.233  1.549  1.086
  3  207 convexHull  [  16  0  3 ]   187.051   192.735  12.282      0.049  [ 4  3  3]   1  0.152  2.104  1.683
  3  208 convexHull  [   0  7 10 ]    62.663    72.566   4.553      0.015  [ 5  7  2]   6  0.183  1.866  1.464
  3  209 convexHull  [   0  3 11 ]    24.837    41.892   3.648      0.021  [ 5  4  8]   8  0.192  1.778  1.397
  3  210   Random    [   2  3 15 ]    40.869    74.131   6.135      0.034  [ 5  5  5]   1  0.206  1.579  1.166
  3  211   RandTop   [   6  0 14 ]    53.805    95.021   9.569      0.081  [ 3  7  4] 115  0.179  2.294  1.753
  3  212   RandTop   [   6  0 14 ]    57.835    96.888   9.384      0.282  [ 4  3  6]   7  0.197  1.527  1.169
  3  213   Random    [  10  1  9 ]   121.376   142.560  10.776      0.313  [ 5  5  2]   1  0.209  1.886  1.359
  3  214   RandTop   [  14  2  4 ]   184.475   190.418  11.360      0.231  [ 3  3  4]   4  0.196  1.837  1.367
  3  215  Heredity   [   2  4  8 ]    56.474    71.181   6.854      0.238  [ 4  5  6]   8  0.199  1.758  1.339
  3  216   Random    [   9  4  6 ]   142.656   154.360   9.834      0.332  [ 4  4  3]   1  0.245  1.678  1.109
  3  217  Heredity   [   7  7  5 ]   147.148   152.928   8.863      0.202  [ 4  5  3]   1  0.193  2.042  1.558
  3  218   Random    [  14  3  2 ]   197.798   195.618  11.270      0.268  [ 4  4  3]   1  0.186  1.862  1.424
  3  219   RandTop   [   8  5  7 ]   136.976   151.194   9.371      0.196  [ 3  5  4]   1  0.216  1.653  1.200
  3  220 convexHull  [   1  3  9 ]    33.221    51.355   5.785      0.000  [ 5  5  6]  12  0.183  1.847  1.445
  3  221  Heredity   [   1  3 10 ]    33.407    52.868   5.651      0.045  [ 5  6  4]   1  0.211  1.534  1.147
  3  222  Heredity   [   1  4 13 ]    40.805    65.149   5.351      0.000  [ 5  7  3]  44  0.173  2.000  1.596
  3  223   Random    [   6  4  9 ]   102.484   123.043   8.778      0.268  [ 4  4  4]   1  0.240  1.544  1.057
  3  224  Heredity   [   1  5 12 ]    52.455    72.254   5.422      0.084  [ 5  5  3]   1  0.183  1.602  1.263
  3  225   RandTop   [  11  5  4 ]   175.756   181.361  10.226      0.143  [ 2  4  4]   1  0.159  2.461  1.972
  3  226 convexHull  [   8  1  3 ]   101.100   108.588  11.335      0.071  [ 4  4  4]   1  0.159  2.231  1.802
  3  227  Heredity   [   2  5 11 ]    64.694    84.120   6.392      0.205  [ 5  6  3]   1  0.246  1.746  1.156
  3  228   Random    [   1 16  1 ]   171.467   150.963   5.738      0.258  [ 4  4  4] 146  0.147  2.166  1.806
  3  229  Heredity   [   9  4  4 ]   145.475   150.641  10.054      0.357  [ 3  4  4]   1  0.243  1.644  1.087
  3  230   Random    [  16  0  1 ]   192.872   190.471  12.410      0.207  [ 3  3  4]   1  0.178  1.658  1.305
  3  231   Random    [   2 14  3 ]   161.175   150.089   6.180      0.258  [ 4  4  4]   1  0.160  2.111  1.680
  3  232  Heredity   [   5  2  7 ]    69.721    88.385   9.498      0.060  [ 4  4  4]   1  0.179  1.910  1.495
  3  233 convexHull  [  11  0  0 ]   131.939   127.338  12.753      0.059  [ 4  4  4] 139  0.000  3.261  3.266
  3  234   Random    [   7  6  6 ]   136.278   146.091   8.983      0.208  [ 4  5  3]   1  0.191  2.010  1.515
  3  235   Random    [   4  3 10 ]    65.436    90.985   8.152      0.137  [ 5  5  4]   1  0.212  1.585  1.165
  3  236  Heredity   [  15  0  1 ]   179.821   176.796  12.535      0.150  [ 3  3  4]   1  0.174  1.863  1.459
  3  237   RandTop   [   5  4  9 ]    90.816   110.157   8.465      0.285  [ 4  3  4]   1  0.233  1.587  1.107
  3  238   Random    [  13  0  4 ]   151.727   159.012  12.112      0.178  [ 3  3  6]   2  0.194  1.879  1.421
  3  239   Random    [  16  0  0 ]   191.672   186.408  12.672      0.044  [ 3  4  3] 139  0.000  2.929  2.934
  3  240   Random    [   1  2 13 ]    23.617    47.999   5.396      0.000  [ 5  5  7]   6  0.204  1.840  1.374
  3  241   Random    [   5  6  5 ]   114.955   121.418   8.362      0.296  [ 4  4  4]   1  0.248  1.706  1.108
  3  242  Heredity   [  14  1  1 ]   178.297   175.323  12.054      0.200  [ 3  4  3]   1  0.170  1.874  1.491
  3  243  Heredity   [   6  3  7 ]    93.881   110.694   9.322      0.226  [ 4  5  3]   1  0.243  1.597  1.083
  3  244 convexHull  [   2  0  6 ]    15.681    35.114   8.695      0.000  [ 7  7  4] 194  0.126  2.787  2.409
  3  245   RandTop   [   8  1  7 ]    95.699   117.053  10.573      0.088  [ 4  4  4]   1  0.172  1.965  1.520
  3  246   RandTop   [   1  3 12 ]    33.294    55.288   5.465      0.059  [ 3  7  6]   8  0.228  1.710  1.208
  3  247   RandTop   [  16  0  0 ]   191.197   185.573  12.729      0.014  [ 4  3  4]  13  0.028  2.188  2.137
  3  248   Random    [  10  2  4 ]   134.392   142.046  11.071      0.142  [ 7  4  2]   9  0.163  1.997  1.625
  3  249 convexHull  [   0  0  7 ]     0.872    11.424   1.026      0.000  [ 8  8  8] 166  0.072  1.641  1.484
  3  250 convexHull  [   0  4  2 ]    37.464    36.237   5.038      0.000  [ 8  5  5] 164  0.060  2.580  2.441
  3  251   Random    [   5  6  4 ]   182.298   131.699   7.697      4.719  [ 4  4  5]   1  0.224  1.805  1.256
  3  252  Heredity   [   4  4 10 ]    77.366   100.367   7.836      0.248  [ 4  4  4]   1  0.197  1.607  1.237
  3  253 convexHull  [   0  5  0 ]    48.936    42.844   5.229      0.000  [ 8  6  3] 225  0.000  4.189  4.193
  3  254   RandTop   [   9  4  5 ]   144.248   151.748   9.992      0.359  [ 3  3  5]   1  0.236  1.803  1.224
  3  255   Random    [   6  6  2 ]   127.780   128.787   8.991      0.123  [ 4  4  4]  38  0.186  2.558  1.936
  3  256   Random    [   0  8  6 ]    76.587    76.699   4.804      0.188  [ 5  5  4]  12  0.140  2.065  1.744
  3  257  Heredity   [   6  3  4 ]    96.445   104.331   9.843      0.178  [ 5  5  3]   8  0.199  2.089  1.584
  3  258  Heredity   [   8  3  2 ]   124.091   126.282  10.443      0.231  [ 4  4  3]   1  0.231  1.719  1.192
  3  259  Heredity   [   1  4  8 ]    46.748    59.068   5.760      0.250  [ 5  5  5]   1  0.186  1.609  1.266
  3  260   Random    [   3  8  3 ]   114.454   112.021   7.198      0.392  [ 4  4  4]   1  0.228  1.693  1.172
  3  261   Random    [   3  1  9 ]    35.008    61.165   8.220      0.131  [ 5  5  5]   8  0.173  1.826  1.460
  3  262  Heredity   [   4  2  6 ]    59.821    75.100   9.190      0.113  [ 4  3  7]   1  0.212  1.638  1.225
  3  263   Random    [   6  5  3 ]   120.189   122.306   9.115      0.383  [ 4  4  4]   1  0.227  1.666  1.177
  3  264   Random    [   3  0 10 ]    25.832    54.574   8.422      0.185  [ 7  7  3]  12  0.159  1.836  1.515
  3  265   Random    [   2  1  9 ]    24.882    47.827   7.425      0.086  [ 6  4  6]   1  0.210  1.540  1.153
  3  266   RandTop   [   4  4  5 ]    81.693    90.562   8.592      0.197  [ 4  3  7]  12  0.161  2.201  1.790
  3  267   Random    [   0  9  4 ]    86.928    81.680   5.019      0.170  [ 4  5  5]   1  0.204  1.631  1.220
  3  268  Heredity   [   5  1  5 ]    64.170    77.311  10.236      0.219  [ 4  5  5]   1  0.240  1.686  1.165
  3  269   Random    [   1  9  0 ]   108.242    93.103   5.917      0.874  [ 5  5  3] 191  0.161  2.843  2.192
  3  270   Random    [   5  1  4 ]    63.209    75.111  10.513      0.016  [ 5  5  4]   1  0.148  2.113  1.772
  3  271   Random    [   3  9  0 ]   125.830   116.087   7.289      0.291  [ 5  5  3]   1  0.179  2.128  1.671
  3  272  Heredity   [  11  1  0 ]   142.219   137.544  12.132      0.109  [ 5  4  3]  65  0.012  4.017  3.976
  3  273  Heredity   [   3  3  5 ]    59.070    69.743   8.398      0.120  [ 4  6  5]   8  0.175  2.012  1.636
  3  274  Heredity   [   3  3  3 ]    61.914    68.247   8.533      0.177  [ 4  6  5]   8  0.235  1.784  1.278
  3  275   Random    [   8  3  1 ]   124.610   123.513  10.664      0.158  [ 4  4  3]   1  0.116  2.454  2.104
  3  276   Random    [   3  9  0 ]   124.147   114.993   7.358      0.151  [ 4  4  4]   8  0.110  2.263  2.004
  3  277  Heredity   [   2  3  4 ]    50.805    55.417   7.874      0.375  [ 5  7  3]   1  0.201  2.037  1.577
  3  278  Heredity   [   0  4  6 ]    35.527    41.821   4.525      0.000  [ 5  7  4]   6  0.176  2.070  1.675
  3  279  Heredity   [   6  1  0 ]    82.683    79.699  11.676      0.208  [ 4  5  4]   2  0.051  2.448  2.337
  3  280   Random    [  10  0  1 ]   118.222   118.449  12.478      0.044  [ 3  4  5]   2  0.125  1.836  1.543
  3  281  Heredity   [   4  2  1 ]    67.310    66.965  10.182      0.280  [ 5  5  4]   8  0.137  2.187  1.870
  3  282  Heredity   [   2  2  4 ]    38.973    48.237   8.117      0.167  [ 6  5  6]  74  0.206  1.926  1.475
  3  283   Random    [   0  2  4 ]    18.005    22.944   4.197      0.113  [ 7  8  7] 140  0.054  2.520  2.405
  3  284  Heredity   [   1  3  1 ]    39.631    39.823   7.124      0.009  [ 5  5  5] 123  0.149  3.641  3.011
  3  285  Heredity   [   3  4  1 ]    76.563    74.035   8.426      0.490  [ 4  4  5]   6  0.206  1.919  1.484
  3  286   Random    [   9  0  0 ]   107.973   104.529  12.711      0.061  [ 4  5  4]   1  0.000  3.221  3.227
  3  287  Heredity   [   3  2  0 ]   184.283   173.857   3.063     25.849  [ 4  3  4]   1  0.207  2.040  1.601
  3  288  Heredity   [   5  0  2 ]    56.732    62.679  11.830      0.041  [ 4  5  5]  12  0.131  2.424  2.098
  3  289  Heredity   [   3  2  0 ]    55.797    53.477   9.958      0.152  [ 4  7  4]  12  0.023  2.864  2.816
  3  290   Random    [   2  0  2 ]    21.453    27.075  11.029      0.157  [ 7  7  4]  11  0.067  1.863  1.773
  3  291  Heredity   [   0  5  1 ]    48.437    43.997   5.130      0.057  [ 5  5  6]  87  0.114  3.076  2.642
  3  292   Random    [   1  4  0 ]    54.645    49.052   6.663      0.816  [ 6  6  4] 123  0.172  2.807  2.277
  3  293   Random    [   4  8  1 ]   126.099   120.540   7.886      0.234  [ 4  4  5]   2  0.157  2.038  1.616
  3  294   Random    [   5  7  1 ]   129.584   123.887   8.503      0.325  [ 3  4  4]   1  0.179  1.882  1.484
  3  295   Random    [   4  5  1 ]    97.520    92.407   8.833      0.333  [ 5  5  4]   1  0.161  1.859  1.507
  4  296 convexHull  [   3  0 17 ]    22.782    64.180   7.344      0.000  [ 6  6  3]   1  0.233  1.549  1.086
  4  297 convexHull  [   1  4 13 ]    40.805    65.149   5.351      0.000  [ 5  7  3]  44  0.173  2.000  1.596
  4  298 convexHull  [  16  0  0 ]   191.197   185.573  12.729      0.014  [ 4  3  4]  13  0.028  2.188  2.137
  4  299 convexHull  [   1  2 13 ]    23.617    47.999   5.396      0.000  [ 5  5  7]   6  0.204  1.840  1.374
  4  300   Random    [   9 10  1 ] 5344960000.000 4281761825.954   0.000 267247989.903  [ 5  3  3]   1 -0.000  0.129  0.129
  4  301 convexHull  [   0  3 11 ]    24.837    41.892   3.648      0.021  [ 5  4  8]   8  0.192  1.778  1.397
  4  302   RandTop   [   1  2 17 ]    24.855    56.547   4.699      0.043  [ 3  6  6]   1  0.242  1.397  0.955
  4  303 convexHull  [   1  3  9 ]    33.221    51.355   5.785      0.000  [ 5  5  6]  12  0.183  1.847  1.445
  4  304   Random    [  12  1  7 ]   144.736   163.752  11.164      0.161  [ 4  4  4]   1  0.208  1.948  1.410
  4  305  Heredity   [   2  2 15 ]    33.829    66.148   6.198      0.117  [ 6  7  3]   1  0.250  1.541  1.005
  4  306   Random    [   4  3 12 ]    66.121    94.633   7.873      0.284  [ 5  4  4]   1  0.231  1.509  1.063
  4  307   Random    [   4  3 12 ]    66.917    94.717   7.866      0.326  [ 4  4  4]   1  0.220  1.560  1.117
  4  308   Random    [  11  4  3 ]   360.785   171.629  10.535     10.883  [ 4  4  3]   1  0.248  2.072  1.323
  4  309   RandTop   [   7  6  7 ]   136.047   148.177   8.868      0.250  [ 3  4  4]   1  0.224  1.715  1.202
  4  310   Random    [   0 17  3 ]   169.337   149.024   5.145      0.274  [ 4  3  3]   1  0.119  2.962  2.571
  4  311   Random    [  18  0  0 ]   215.962   209.242  12.700      0.062  [ 4  3  3]   5  0.083  2.032  1.864
  4  312   Random    [   0  2 16 ]    18.301    42.212   2.757      0.048  [ 6  5  5]   1  0.220  1.340  0.986
  4  313   RandTop   [   6  9  4 ]   156.790   157.754   8.214      0.237  [ 4  4  3]   1  0.224  1.694  1.192
  4  314   RandTop   [  13  7  0 ]   226.308   217.613  10.261      0.192  [ 4  2  5]   6  0.062  2.931  2.756
  4  315   Random    [   9  7  3 ]   176.019   174.862   9.421      0.324  [ 3  3  4]   1  0.233  1.748  1.192
  4  316   Random    [   7  4  8 ]   115.847   130.916   9.365      0.288  [ 3  4  4]   1  0.251  1.648  1.074
  4  317   Random    [  12  3  3 ]   172.943   175.578  10.884      0.318  [ 4  3  4]   1  0.226  1.718  1.197
  4  318   Random    [   2  6 10 ]    76.090    91.522   6.346      0.268  [ 5  3  5]   7  0.210  1.532  1.134
  4  319  Heredity   [  13  1  3 ]   161.241   167.583  11.750      0.077  [ 4  5  2]   1  0.165  2.149  1.675
  4  320   Random    [  16  0  1 ]   190.477   188.265  12.556      0.066  [ 4  3  4]   1  0.086  2.661  2.351
  4  321  Heredity   [   8  5  4 ]   141.134   146.284   9.651      0.238  [ 4  4  3]   1  0.210  1.861  1.345
  4  322   Random    [   8  1  8 ]   100.424   118.892  10.423      0.437  [ 4  4  4]   1  0.232  1.869  1.263
  4  323   Random    [   6  1 10 ]    70.947    97.672   9.699      0.231  [ 4  4  4]   1  0.222  1.680  1.186
  4  324   Random    [   5  1 10 ]    57.809    86.791   9.214      0.155  [ 5  4  5]   1  0.201  1.649  1.236
  4  325  Heredity   [  15  0  2 ]   179.314   180.078  12.316      0.207  [ 3  4  4]   1  0.192  1.687  1.271
  4  326   Random    [   5  8  4 ]   144.324   136.114   8.106      0.790  [ 5  5  3]   1  0.233  1.536  1.072
  4  327 convexHull  [   0  4  6 ]    35.527    41.821   4.525      0.000  [ 5  7  4]   6  0.176  2.070  1.675
  4  328 convexHull  [   5  1  4 ]    63.209    75.111  10.513      0.016  [ 5  5  4]   1  0.148  2.113  1.772
  4  329   RandTop   [   2 12  3 ]   145.205   134.335   6.238      0.500  [ 4  4  4]   5  0.228  1.990  1.327
  4  330   Random    [  11  1  4 ]   137.107   145.182  11.540      0.167  [ 3  4  4]   1  0.232  1.831  1.230
  4  331   Random    [   9  9  0 ]   197.201   186.333   9.295      0.181  [ 4  4  3]   1  0.080  2.350  2.166
  4  332   Random    [   6  3  7 ]    94.878   111.011   9.296      0.288  [ 3  5  5]   1  0.238  1.609  1.101
  4  333   Random    [   4 12  1 ]   168.096   154.171   7.329      0.363  [ 4  3  3]   1  0.136  1.916  1.633
  4  334  Heredity   [   1  7  8 ]    75.009    83.909   5.657      0.157  [ 5  5  4]   1  0.198  1.686  1.284
  4  335   RandTop   [   8  4  3 ]   132.823   137.464   9.932      0.249  [ 4  4  3]   1  0.194  1.702  1.295
  4  336   Random    [  17  1  0 ]   213.965   208.163  12.272      0.080  [ 4  2  5]   1  0.060  2.324  2.192
  4  337   Random    [   5 10  0 ]   160.426   148.817   7.971      0.307  [ 4  4  4]   1  0.117  2.022  1.779
  4  338 convexHull  [   2  0  6 ]    15.681    35.114   8.695      0.000  [ 7  7  4] 194  0.126  2.787  2.409
  4  339 convexHull  [   0  0  7 ]     0.872    11.424   1.026      0.000  [ 8  8  8] 166  0.072  1.641  1.484
  4  340 convexHull  [   5  0  2 ]    56.732    62.679  11.830      0.041  [ 4  5  5]  12  0.131  2.424  2.098
  4  341   Random    [   0  7 12 ]    63.083    76.525   4.361      0.086  [ 5  5  5]   1  0.196  1.647  1.267
  4  342  Heredity   [   2 10  2 ]   120.557   114.397   6.527      0.160  [ 4  4  4]   1  0.155  2.199  1.764
  4  343 convexHull  [   0  4  2 ]    37.464    36.237   5.038      0.000  [ 8  5  5] 164  0.060  2.580  2.441
  4  344   Random    [   8  5  5 ]   145.738   150.248   9.407      0.562  [ 4  4  4]  82  0.206  1.874  1.284
  4  345  Heredity   [   6  3  5 ]    96.139   105.109   9.786      0.235  [ 7  4  2]   1  0.204  1.625  1.235
  4  346   Random    [   9 11  0 ]   217.616   205.823   8.850      0.222  [ 4  4  4]  79  0.113  2.114  1.846
  4  347 convexHull  [   0  5  0 ]    48.936    42.844   5.229      0.000  [ 8  6  3] 225  0.000  4.189  4.193
  4  348 convexHull  [   1  3  1 ]    39.631    39.823   7.124      0.009  [ 5  5  5] 123  0.149  3.641  3.011
  4  349  Heredity   [  10  2  2 ]   138.104   140.327  11.183      0.197  [ 4  4  3]   1  0.199  1.940  1.437
  4  350  Heredity   [  13  1  2 ]   167.760   167.213  11.766      0.389  [ 4  3  4]   1  0.216  1.636  1.179
  4  351   Random    [   4  4  6 ]    82.720    93.341   8.354      0.348  [ 6  5  3]   8  0.248  1.752  1.171
  4  352   Random    [   1  0 13 ]     7.972    33.750   5.019      0.000  [ 6  6  6]   1  0.225  1.327  0.970
  4  353   Random    [   7  8  3 ]   161.519   161.032   8.675      0.328  [ 4  3  3]   1  0.233  1.713  1.186
  4  354   Random    [   5  2  7 ]    71.913    90.420   9.284      0.217  [ 5  5  4]   1  0.234  1.640  1.153
  4  355   Random    [  11  1  2 ]   138.671   141.605  11.808      0.071  [ 5  5  3]   1  0.133  2.510  2.058
  4  356  Heredity   [   0  3 10 ]    24.420    39.357   3.840      0.000  [ 5  5  7]  12  0.106  1.619  1.421
  4  357  Heredity   [   3  3  7 ]    57.162    73.508   8.013      0.146  [ 5  3  5]   1  0.233  1.633  1.143
  4  358  Heredity   [   2  3  7 ]    47.613    61.454   7.182      0.284  [ 5  5  4]   1  0.222  1.555  1.137
  4  359  Heredity   [  10  2  0 ]   141.753   136.843  11.443      0.264  [ 3  4  5]   1  0.143  1.933  1.642
  4  360   Random    [   7  0  5 ]    75.464    92.330  11.283      0.000  [ 4  4  4]   2  0.037  2.718  2.630
  4  361  Heredity   [  10  0  2 ]   116.600   120.770  12.252      0.040  [ 4  4  4]   2  0.131  2.238  1.850
  4  362   Random    [   0  9  3 ]    86.786    81.466   5.011      0.102  [ 4  5  4]  12  0.108  2.330  2.035
  4  363  Heredity   [   5  0  6 ]    51.758    71.019  10.535      0.089  [ 4  6  4]   1  0.157  1.973  1.608
  4  364  Heredity   [   0  5  6 ]    45.725    50.412   4.643      0.054  [ 6  7  3]   6  0.195  1.929  1.496
  4  365  Heredity   [   0  3  8 ]    25.195    36.774   4.019      0.000  [ 6  7  4]  10  0.187  1.911  1.502
  4  366  Heredity   [   4  2  5 ]    61.899    73.133   9.414      0.195  [ 4  3  7]   6  0.243  1.893  1.297
  4  367   RandTop   [   1  3  7 ]    35.857    48.118   6.105      0.130  [ 5  5  5]   1  0.213  1.649  1.227
  4  368  Heredity   [   1  4  5 ]    47.487    54.112   6.195      0.218  [ 3  5  7]  65  0.207  2.029  1.471
  4  369   Random    [   8  1  2 ]   104.985   107.883  11.394      0.284  [ 4  4  4]   1  0.225  1.742  1.241
  4  370   Random    [   1  2  7 ]    25.584    40.244   6.186      0.082  [ 5  5  7]  38  0.215  1.904  1.400
  4  371   Random    [   0  4  7 ]    35.047    43.156   4.424      0.000  [ 6  5  6]   1  0.087  1.986  1.827
  4  372   Random    [   1  4  5 ]    48.677    54.094   6.197      0.337  [ 5  6  5]   8  0.216  1.594  1.174
  4  373   Random    [   0  7  5 ]    66.882    67.248   4.788      0.171  [ 5  5  5]   1  0.190  1.846  1.415
  4  374  Heredity   [   1  4  5 ]    47.319    54.087   6.198      0.201  [ 6  7  3]   8  0.229  1.846  1.323
  4  375  Heredity   [   6  0  3 ]    67.434    76.869  11.589      0.075  [ 5  5  4]  38  0.140  2.107  1.802
  4  376   RandTop   [   2  2  4 ]    38.173    47.659   8.216      0.067  [ 7  4  5]  51  0.025  2.604  2.556
  4  377  Heredity   [   2  7  0 ]    93.063    85.107   7.154      0.191  [ 4  4  5]   2  0.118  2.029  1.784
  4  378  Heredity   [   5  3  0 ]    89.880    85.996  10.147      0.170  [ 7  5  3]   8  0.066  2.721  2.557
  4  379  Heredity   [   3  3  2 ]    63.301    65.395   8.879      0.212  [ 5  4  6]   8  0.132  2.559  2.195
  4  380  Heredity   [   2  2  4 ]    38.878    49.350   7.934      0.155  [ 6  5  4]   1  0.232  1.635  1.180
  4  381  Heredity   [   3  0  1 ]    34.460    37.379  11.894      0.068  [ 5  7  5]  71  0.146  2.693  2.308
  4  382  Heredity   [   6  2  1 ]    89.916    90.722  10.770      0.077  [ 4  4  4]   2  0.129  2.350  1.955
  4  383  Heredity   [   6  0  0 ]    72.022    70.170  12.623      0.068  [ 5  4  5]  63  0.000  2.706  2.711
  4  384  Heredity   [   4  1  1 ]    56.303    58.151  10.954      0.094  [ 5  6  5]   8  0.176  2.418  1.945
  4  385   Random    [   0  7  2 ]    69.271    63.025   5.029      0.272  [ 5  5  5]   1  0.198  1.769  1.349
  4  386   RandTop   [   2  7  1 ]    92.539    86.509   7.058      0.239  [ 2  5  8]   8  0.152  2.192  1.855
  4  387   Random    [   2  6  0 ]    81.555    77.787   7.252      0.000  [ 5  5  5] 221  0.000  4.290  4.293
  4  388  Heredity   [   1  3  1 ]    41.198    39.538   7.176      0.323  [ 5  8  4]   1  0.192  1.999  1.596
  4  389  Heredity   [   1  2  2 ]    30.419    33.676   7.144      0.362  [ 6  6  6] 164  0.125  2.293  2.007
  4  390   Random    [   5  1  0 ]    70.203    68.205  11.480      0.152  [ 4  4  4]   1  0.030  2.622  2.561
  4  391   Random    [   6  4  0 ]   112.698   107.332   9.922      0.263  [ 5  5  3]   8  0.015  2.619  2.590
  4  392  Heredity   [   4  0  0 ]    47.743    46.322  12.748      0.000  [ 4  7  5]  15  0.000  2.168  2.176
  4  393   Random    [   0 11  1 ]   111.499    97.363   5.079      0.390  [ 3  4  5]   1  0.159  1.765  1.458
