 ID    Origin    Enthalpy   Parent-E   Parent-ID
   1   Random      11.902    11.902  [         0]
   2   Random       1.313     1.313  [         0]
   3   Random      11.858    11.858  [         0]
   4   Random      10.970    10.970  [         0]
   5   Random       9.716     9.716  [         0]
   6   Random       1.139     1.139  [         0]
   7   Random       1.142     1.142  [         0]
   8   Random      14.096    14.096  [         0]
   9   RandTop      3.751     3.751  [         0]
  10   Random      11.823    11.823  [         0]
  11   Random       9.788     9.788  [         0]
  12   RandTop     11.304    11.304  [         0]
  13   RandTop      7.030     7.030  [         0]
  14   RandTop      3.578     3.578  [         0]
  15   Random      17.196    17.196  [         0]
  16   RandTop      9.572     9.572  [         0]
  17   RandTop      5.595     5.595  [         0]
  18   Random      11.318    11.318  [         0]
  19   Random      14.109    14.109  [         0]
  20   Random       5.257     5.257  [         0]
  21   Random       7.090     7.090  [         0]
  22   Random       6.969     6.969  [         0]
  23   Random       8.609     8.609  [         0]
  24   Random       8.601     8.601  [         0]
  25   Random      10.653    10.653  [         0]
  26   Random       9.375     9.375  [         0]
  27   Random       4.233     4.233  [         0]
  28   Random       5.250     5.250  [         0]
  29   Random       8.464     8.464  [         0]
  30   Random      10.681    10.681  [         0]
  31   Random      11.468    11.468  [         0]
  32   Random      10.829    10.829  [         0]
  33   Random       8.273     8.273  [         0]
  34   Random       7.926     7.926  [         0]
  35   Random      23.225    23.225  [         0]
  36   RandTop      8.593     8.593  [         0]
  37   RandTop     11.785    11.785  [         0]
  38   Random       8.345     8.345  [         0]
  39   Random       5.270     5.270  [         0]
  40   Random       8.655     8.655  [         0]
  41   RandTop      5.286     5.286  [         0]
  42   Random       7.019     7.019  [         0]
  43   RandTop     12.001    12.001  [         0]
  44   Random       1.318     1.318  [         0]
  45   Random       1.326     1.326  [         0]
  46   RandTop     11.560    11.560  [         0]
  47   Random      12.005    12.005  [         0]
  48   Random       8.366     8.366  [         0]
  49   Random       7.207     7.207  [         0]
  50   Random       8.393     8.393  [         0]
  51   Random       6.709     6.709  [         0]
  52   RandTop      5.714     5.714  [         0]
  53   Random       8.677     8.677  [         0]
  54   Random       5.857     5.857  [         0]
  55   Random       8.744     8.744  [         0]
  56   Random       3.781     3.781  [         0]
  57   Random       3.128     3.128  [         0]
  58   RandTop      8.200     8.200  [         0]
  59   Random      11.840    11.840  [         0]
  60   Random       3.745     3.745  [         0]
  61   Random      10.160    10.160  [         0]
  62   Random       3.686     3.686  [         0]
  63   Random       3.179     3.179  [         0]
  64   RandTop      3.155     3.155  [         0]
  65   Random       3.748     3.748  [         0]
  66   RandTop      3.686     3.686  [         0]
  67   Random       3.788     3.788  [         0]
  68   Random      11.704    11.704  [         0]
  69   Random       9.127     9.127  [         0]
  70   Random       9.128     9.128  [         0]
  71   Random       3.745     3.745  [         0]
  72   Random       4.027     4.027  [         0]
  73   Random      12.036    12.036  [         0]
  74   Random      12.045    12.045  [         0]
  75   Random       7.359     7.359  [         0]
  76   RandTop      9.096     9.096  [         0]
  77   Random       9.084     9.084  [         0]
  78   Random       1.774     1.774  [         0]
  79   Random       7.957     7.957  [         0]
  80   Random      20.590    20.590  [         0]
  81   Random       1.795     1.795  [         0]
  82   Random       8.092     8.092  [         0]
  83   Random       7.532     7.532  [         0]
  84   Random       7.089     7.089  [         0]
  85   Random      11.722    11.722  [         0]
  86   Random       1.795     1.795  [         0]
  87   Random       7.355     7.355  [         0]
  88   Random      11.755    11.755  [         0]
  89   RandTop      8.137     8.137  [         0]
  90   Random       9.846     9.846  [         0]
  91   Random      10.365    10.365  [         0]
  92   Random      10.364    10.364  [         0]
  93   RandTop      6.906     6.906  [         0]
  94   Random       9.288     9.288  [         0]
  95   RandTop     11.712    11.712  [         0]
  96   Random      10.200    10.200  [         0]
  97   Random       6.710     6.710  [         0]
  98   Random       8.983     8.983  [         0]
  99   RandTop      6.678     6.678  [         0]
 100   RandTop      9.155     9.155  [         0]
 101   Random      11.994    11.994  [         0]
 102   Random      10.487    10.487  [         0]
 103   Random       5.645     5.645  [         0]
 104   Random      11.698    11.698  [         0]
 105   Random      11.604    11.604  [         0]
 106   Random       7.909     7.909  [         0]
 107   Random       7.582     7.582  [         0]
 108   RandTop     11.569    11.569  [         0]
 109   Random      12.033    12.033  [         0]
 110   Random       6.437     6.437  [         0]
 111   RandTop      9.787     9.787  [         0]
 112   Random      11.844    11.844  [         0]
 113   Random      12.002    12.002  [         0]
 114   Random      11.469    11.469  [         0]
 115   Random       9.850     9.850  [         0]
 116   RandTop      7.973     7.973  [         0]
 117   Random       7.688     7.688  [         0]
 118   Random       9.173     9.173  [         0]
 119 convexHull     1.139     1.139  [         6]
 120 convexHull     3.578     3.578  [        14]
 121 convexHull     4.233     4.233  [        27]
 122 convexHull  5555.556  5555.556  [         0]
 123 convexHull     3.686     3.686  [        66]
 124   Random       4.316     4.316  [         0]
 125   Random       4.787     4.787  [         0]
 126   RandTop      5.587     5.587  [         0]
 127 convexHull     1.774     1.774  [        78]
 128   Random      10.540    10.540  [         0]
 129   Random       9.845     9.845  [         0]
 130   Random       9.976     9.976  [         0]
 131  Heredity      6.978     7.057  [    30  14]
 132   RandTop      5.168     5.168  [         0]
 133   Random       8.209     8.209  [         0]
 134   Random      10.514    10.514  [         0]
 135  Heredity      3.906     3.960  [    27  66]
 136  Heredity      2.467     1.712  [    64   6]
 137   RandTop      8.073     8.073  [         0]
 138   Random       7.834     7.834  [         0]
 139   Random       6.688     6.688  [         0]
 140   Random       5.401     5.401  [         0]
 141  Heredity      8.752     7.432  [    43  20]
 142  Heredity      4.535     9.508  [    64  85]
 143   Random       5.607     5.607  [         0]
 144 convexHull    11.994    11.994  [       101]
 145   RandTop      8.245     8.245  [         0]
 146  Heredity      5.089     7.367  [    63  90]
 147   RandTop      7.278     7.278  [         0]
 148   Random       9.447     9.447  [         0]
 149   Random       5.261     5.261  [         0]
 150   RandTop      8.296     8.296  [         0]
 151  Heredity      4.495     5.636  [    25  57]
 152   Random       8.793     8.793  [         0]
 153  Heredity      6.603     8.228  [    64  73]
 154   Random       5.707     5.707  [         0]
 155  Heredity      7.357     6.056  [     3  64]
 156  Heredity      6.102     6.842  [    76  52]
 157  Heredity      5.416     9.002  [  114   27]
 158 convexHull     6.437     6.437  [       110]
 159 convexHull     9.787     9.787  [       111]
 160   Random      10.474    10.474  [         0]
 161  Heredity      5.912     8.185  [    90  41]
 162   Random       8.575     8.575  [         0]
 163   Random       7.575     7.575  [         0]
 164   Random       4.049     4.049  [         0]
 165   Random      10.396    10.396  [         0]
 166  Heredity     10.171    11.365  [  104   30]
 167   Random      10.583    10.583  [         0]
 168  Heredity      5.048     3.087  [    81  52]
 169  Heredity      5.682     9.049  [  108   62]
 170  Heredity      3.939     7.160  [  115   14]
 171   Random       8.122     8.122  [         0]
 172   Random       4.997     4.997  [         0]
 173  Heredity      7.018     9.089  [   14  112]
 174  Heredity      3.857     3.686  [    66  62]
 175  Heredity      3.630     6.941  [    81  77]
 176   Random       2.819     2.819  [         0]
 177   Random       2.555     2.555  [         0]
 178  Heredity      7.052     7.029  [   82  110]
 179   RandTop      7.351     7.351  [         0]
 180  Heredity      4.732     5.723  [    44  34]
 181  Heredity      8.120     9.263  [  105   82]
 182   Random       9.167     9.167  [         0]
 183   RandTop      9.456     9.456  [         0]
 184  Heredity      6.712     7.985  [  115   52]
 185   Random       8.425     8.425  [         0]
 186  Heredity      9.792     9.429  [    70  90]
 187  Heredity      6.217     5.098  [    98  64]
 188   Random       1.552     1.552  [         0]
 189   Random       1.960     1.960  [         0]
 190  Heredity      8.783     8.954  [   89  115]
 191  Heredity      8.624     8.116  [  103   70]
 192   Random       0.125     0.125  [         0]
 193   Random       5.275     5.275  [         0]
 194   Random       9.043     9.043  [         0]
 195   Random       6.383     6.383  [         0]
 196  Heredity      9.793    11.109  [  104   92]
 197   Random      11.048    11.048  [         0]
 198  Heredity      9.319     6.996  [  102   28]
 199   Random       6.244     6.244  [         0]
 200  Heredity      9.614     9.409  [   70  111]
 201  Heredity      8.091    10.330  [   88  110]
 202   Random       7.763     7.763  [         0]
 203   Random       8.829     8.829  [         0]
 204   RandTop      6.439     6.439  [         0]
 205  Heredity     11.601    10.529  [  113  111]
 206 convexHull     1.139     1.139  [       119]
 207 convexHull     9.845     9.845  [       129]
 208 convexHull     3.686     3.686  [       123]
 209 convexHull     1.774     1.774  [       127]
 210   Random       2.043     2.043  [         0]
 211   RandTop      2.690     2.690  [         0]
 212   RandTop      2.892     2.892  [         0]
 213   Random       6.069     6.069  [         0]
 214   RandTop      9.224     9.224  [         0]
 215  Heredity      4.034     4.072  [  177  168]
 216   Random       7.508     7.508  [         0]
 217  Heredity      7.745     6.629  [   62  128]
 218   Random      10.410    10.410  [         0]
 219   RandTop      6.849     6.849  [         0]
 220 convexHull     2.555     2.555  [       177]
 221  Heredity      2.386     7.241  [  115   44]
 222  Heredity      2.267     1.962  [  136   78]
 223   Random       5.394     5.394  [         0]
 224  Heredity      2.914     1.835  [     6  62]
 225   RandTop      8.788     8.788  [         0]
 226 convexHull     8.425     8.425  [       185]
 227  Heredity      3.594     3.815  [   62  135]
 228   Random       9.526     9.526  [         0]
 229  Heredity      8.557     6.921  [  134   56]
 230   Random      11.345    11.345  [         0]
 231   Random       8.483     8.483  [         0]
 232  Heredity      4.980     6.049  [  110  154]
 233 convexHull    11.994    11.994  [       144]
 234   Random       7.173     7.173  [         0]
 235   Random       3.849     3.849  [         0]
 236  Heredity     11.239    10.714  [  185    3]
 237   RandTop      5.045     5.045  [         0]
 238   Random       8.925     8.925  [         0]
 239   Random      11.980    11.980  [         0]
 240   Random       1.476     1.476  [         0]
 241   Random       7.185     7.185  [         0]
 242  Heredity     11.144    10.917  [   85  134]
 243  Heredity      5.868     7.349  [    44  92]
 244 convexHull     1.960     1.960  [       189]
 245   RandTop      5.981     5.981  [         0]
 246   RandTop      2.081     2.081  [         0]
 247   RandTop     11.950    11.950  [         0]
 248   Random       8.399     8.399  [         0]
 249 convexHull     0.125     0.125  [       192]
 250 convexHull     6.244     6.244  [       199]
 251   Random      12.153    12.153  [         0]
 252  Heredity      4.298     4.288  [  154   14]
 253 convexHull     9.787     9.787  [       159]
 254   RandTop      8.014     8.014  [         0]
 255   Random       9.127     9.127  [         0]
 256   Random       5.471     5.471  [         0]
 257  Heredity      7.419     8.033  [  101  172]
 258  Heredity      9.545    10.402  [  129   30]
 259  Heredity      3.596     3.181  [  177   62]
 260   Random       8.175     8.175  [         0]
 261   Random       2.693     2.693  [         0]
 262  Heredity      4.985     4.329  [   78  185]
 263   Random       8.585     8.585  [         0]
 264   Random       1.987     1.987  [         0]
 265   Random       2.073     2.073  [         0]
 266   RandTop      6.284     6.284  [         0]
 267   Random       6.687     6.687  [         0]
 268  Heredity      5.834     2.330  [  192  181]
 269   Random      10.824    10.824  [         0]
 270   Random       6.321     6.321  [         0]
 271   Random      10.486    10.486  [         0]
 272  Heredity     11.852     9.894  [  191   73]
 273  Heredity      5.370     3.192  [  178  192]
 274  Heredity      6.879     8.234  [   29  181]
 275   Random      10.384    10.384  [         0]
 276   Random      10.346    10.346  [         0]
 277  Heredity      5.645     6.062  [   66  205]
 278  Heredity      3.553     2.211  [  188  174]
 279  Heredity     11.812     9.047  [  114  181]
 280   Random      10.747    10.747  [         0]
 281  Heredity      9.616     7.765  [   66  112]
 282  Heredity      4.872     5.365  [   56  203]
 283   Random       3.001     3.001  [         0]
 284  Heredity      7.926     7.273  [  203  110]
 285  Heredity      9.570     9.271  [  181   90]
 286   Random      11.997    11.997  [         0]
 287  Heredity     36.857     8.772  [  126   92]
 288  Heredity      8.105     7.510  [  185  178]
 289  Heredity     11.159     8.360  [  110  196]
 290   Random       5.363     5.363  [         0]
 291  Heredity      8.073     8.885  [  199  115]
 292   Random      10.929    10.929  [         0]
 293   Random       9.700     9.700  [         0]
 294   Random       9.968     9.968  [         0]
 295   Random       9.752     9.752  [         0]
 296 convexHull     1.139     1.139  [       206]
 297 convexHull     2.267     2.267  [       222]
 298 convexHull    11.950    11.950  [       247]
 299 convexHull     1.476     1.476  [       240]
 300   Random    267248000.000  267248000.000  [         0]
 301 convexHull     1.774     1.774  [       209]
 302   RandTop      1.243     1.243  [         0]
 303 convexHull     2.555     2.555  [       220]
 304   Random       7.237     7.237  [         0]
 305  Heredity      1.780     2.881  [    62   6]
 306   Random       3.480     3.480  [         0]
 307   Random       3.522     3.522  [         0]
 308   Random      20.044    20.044  [         0]
 309   RandTop      6.802     6.802  [         0]
 310   Random       8.467     8.467  [         0]
 311   Random      11.998    11.998  [         0]
 312   Random       1.017     1.017  [         0]
 313   RandTop      8.252     8.252  [         0]
 314   RandTop     11.315    11.315  [         0]
 315   Random       9.264     9.264  [         0]
 316   Random       6.097     6.097  [         0]
 317   Random       9.608     9.608  [         0]
 318   Random       4.227     4.227  [         0]
 319  Heredity      9.485     4.971  [   43  177]
 320   Random      11.205    11.205  [         0]
 321  Heredity      8.302     4.570  [  246   25]
 322   Random       5.907     5.907  [         0]
 323   Random       4.173     4.173  [         0]
 324   Random       3.613     3.613  [         0]
 325  Heredity     10.548    11.007  [  101  134]
 326   Random       8.490     8.490  [         0]
 327 convexHull     3.553     3.553  [       278]
 328 convexHull     6.321     6.321  [       270]
 329   RandTop      8.541     8.541  [         0]
 330   Random       8.569     8.569  [         0]
 331   Random      10.956    10.956  [         0]
 332   Random       5.930     5.930  [         0]
 333   Random       9.888     9.888  [         0]
 334  Heredity      4.688     8.235  [  275   66]
 335   RandTop      8.855     8.855  [         0]
 336   Random      11.887    11.887  [         0]
 337   Random      10.695    10.695  [         0]
 338 convexHull     1.960     1.960  [       244]
 339 convexHull     0.125     0.125  [       249]
 340 convexHull     8.105     8.105  [       288]
 341   Random       3.320     3.320  [         0]
 342  Heredity      8.611     5.510  [   62  276]
 343 convexHull     6.244     6.244  [       250]
 344   Random       8.097     8.097  [         0]
 345  Heredity      6.867     5.061  [  177  248]
 346   Random      10.881    10.881  [         0]
 347 convexHull     9.787     9.787  [       253]
 348 convexHull     7.926     7.926  [       284]
 349  Heredity      9.865     9.209  [  270   25]
 350  Heredity     10.485     5.255  [  177  247]
 351   Random       5.909     5.909  [         0]
 352   Random       0.569     0.569  [         0]
 353   Random       8.973     8.973  [         0]
 354   Random       5.137     5.137  [         0]
 355   Random       9.905     9.905  [         0]
 356  Heredity      1.878     3.304  [  174   81]
 357  Heredity      4.397     6.244  [  185  177]
 358  Heredity      3.968     4.669  [  210  245]
 359  Heredity     11.813     9.428  [  291  239]
 360   Random       6.289     6.289  [         0]
 361  Heredity      9.717     9.386  [  247  288]
 362   Random       7.232     7.232  [         0]
 363  Heredity      4.705     9.022  [  205   14]
 364  Heredity      4.157     9.446  [   66  109]
 365  Heredity      2.290     2.083  [   66  192]
 366  Heredity      5.627     6.125  [   78  280]
 367   RandTop      3.260     3.260  [         0]
 368  Heredity      4.749     7.260  [  246  115]
 369   Random       9.544     9.544  [         0]
 370   Random       2.558     2.558  [         0]
 371   Random       3.186     3.186  [         0]
 372   Random       4.868     4.868  [         0]
 373   Random       5.574     5.574  [         0]
 374  Heredity      4.732     4.919  [  245  174]
 375  Heredity      7.493     6.970  [  101  174]
 376   RandTop      4.772     4.772  [         0]
 377  Heredity     10.340     9.815  [   90  196]
 378  Heredity     11.235    10.458  [  111  272]
 379  Heredity      7.913     6.362  [  255  232]
 380  Heredity      4.860     6.801  [  278  185]
 381  Heredity      8.615     9.547  [  270  289]
 382  Heredity      9.991     9.450  [   93  101]
 383  Heredity     12.004    10.805  [  185  101]
 384  Heredity      9.384    10.248  [  185  289]
 385   Random       7.697     7.697  [         0]
 386   RandTop      9.254     9.254  [         0]
 387   Random      10.194    10.194  [         0]
 388  Heredity      8.240     9.231  [  181  111]
 389  Heredity      6.084     6.350  [  270  110]
 390   Random      11.700    11.700  [         0]
 391   Random      11.270    11.270  [         0]
 392  Heredity     11.936    11.158  [  280  239]
 393   Random       9.292     9.292  [         0]
