  1.500000000000000E-002   1.26023585003145        2.23508645248256     
           1

     Dynamical  Matrix in cartesian axes

     q = (   -0.866025400  -0.866025400  -0.866025400 ) 

    1    1
  0.01336690   0.00000000    -0.00000000   0.00000000    -0.00000000   0.00000000
  0.00000000   0.00000000     0.01336690   0.00000000    -0.00000000   0.00000000
 -0.00000000   0.00000000    -0.00000000   0.00000000     0.01336690   0.00000000
    1    2
  0.00000000  -0.00000000    -0.00000000   0.00000000    -0.00000000   0.00000000
 -0.00000000  -0.00000000     0.00473676  -0.00000000    -0.00000000  -0.00000000
 -0.00000000  -0.00000000    -0.00000000   0.00000000    -0.00473676   0.00000000
    1    3
 -0.00000000  -0.00000000     0.00000000   0.00000000     0.00000000   0.00000000
  0.00000000  -0.00000000    -0.00473676   0.00000000     0.00000000  -0.00000000
  0.00000000  -0.00000000    -0.00000000   0.00000000     0.00473676  -0.00000000
    1    4
 -0.00473676   0.00000000    -0.00000000  -0.00000000    -0.00000000   0.00000000
 -0.00000000   0.00000000     0.00000000  -0.00000000    -0.00000000   0.00000000
 -0.00000000  -0.00000000    -0.00000000  -0.00000000     0.00473676  -0.00000000
    1    5
  0.00473676  -0.00000000     0.00000000  -0.00000000     0.00000000  -0.00000000
  0.00000000   0.00000000     0.00000000  -0.00000000     0.00000000   0.00000000
  0.00000000   0.00000000     0.00000000  -0.00000000    -0.00473676   0.00000000
    1    6
  0.00473676  -0.00000000     0.00000000   0.00000000    -0.00000000  -0.00000000
 -0.00000000  -0.00000000    -0.00473676   0.00000000    -0.00000000  -0.00000000
 -0.00000000   0.00000000    -0.00000000   0.00000000     0.00000000  -0.00000000
    1    7
 -0.00473676   0.00000000     0.00000000  -0.00000000    -0.00000000  -0.00000000
 -0.00000000   0.00000000     0.00473676  -0.00000000    -0.00000000  -0.00000000
  0.00000000   0.00000000     0.00000000   0.00000000    -0.00000000  -0.00000000
    2    1
 -0.00000000   0.00000000    -0.00000000   0.00000000    -0.00000000   0.00000000
 -0.00000000  -0.00000000     0.00473676   0.00000000    -0.00000000  -0.00000000
  0.00000000  -0.00000000     0.00000000   0.00000000    -0.00473676  -0.00000000
    2    2
  0.05410965   0.00000000     0.00000000   0.00000000     0.00000000   0.00000000
  0.00000000   0.00000000     0.05404919   0.00000000     0.00000000   0.00000000
  0.00000000   0.00000000    -0.00000000   0.00000000     0.05404919   0.00000000
    2    3
  0.03571573   0.00000000    -0.00000000   0.00000000    -0.00000000  -0.00000000
 -0.00000000   0.00000000     0.03628203   0.00000000     0.00000000   0.00000000
 -0.00000000  -0.00000000     0.00000000   0.00000000     0.03628203   0.00000000
    2    4
  0.00373418   0.00000000     0.00277154   0.00000000     0.00000000  -0.00000000
  0.04315346  -0.00000000     0.00373418   0.00000000     0.00000000  -0.00000000
 -0.00000000  -0.00000000     0.00000000  -0.00000000    -0.00555385   0.00000000
    2    5
 -0.00373418  -0.00000000     0.00277154   0.00000000    -0.00000000   0.00000000
  0.04315346   0.00000000    -0.00373418   0.00000000    -0.00000000  -0.00000000
  0.00000000   0.00000000    -0.00000000  -0.00000000     0.00555385   0.00000000
    2    6
  0.00373418  -0.00000000     0.00000000   0.00000000     0.00277154  -0.00000000
 -0.00000000   0.00000000    -0.00555385  -0.00000000     0.00000000   0.00000000
  0.04315346   0.00000000     0.00000000   0.00000000     0.00373418  -0.00000000
    2    7
 -0.00373418  -0.00000000    -0.00000000  -0.00000000     0.00277154   0.00000000
 -0.00000000  -0.00000000     0.00555385   0.00000000    -0.00000000   0.00000000
  0.04315346   0.00000000    -0.00000000   0.00000000    -0.00373418  -0.00000000
    3    1
  0.00000000   0.00000000     0.00000000   0.00000000    -0.00000000   0.00000000
  0.00000000  -0.00000000    -0.00473676  -0.00000000    -0.00000000  -0.00000000
  0.00000000  -0.00000000     0.00000000   0.00000000     0.00473676   0.00000000
    3    2
  0.03571573  -0.00000000    -0.00000000  -0.00000000    -0.00000000   0.00000000
 -0.00000000  -0.00000000     0.03628203  -0.00000000    -0.00000000  -0.00000000
  0.00000000   0.00000000     0.00000000  -0.00000000     0.03628203  -0.00000000
    3    3
  0.05410965   0.00000000     0.00000000   0.00000000    -0.00000000   0.00000000
  0.00000000   0.00000000     0.05404919   0.00000000    -0.00000000   0.00000000
  0.00000000   0.00000000    -0.00000000   0.00000000     0.05404919   0.00000000
    3    4
 -0.00373418  -0.00000000     0.00277154   0.00000000    -0.00000000  -0.00000000
  0.04315346   0.00000000    -0.00373418  -0.00000000     0.00000000   0.00000000
 -0.00000000  -0.00000000     0.00000000   0.00000000     0.00555385   0.00000000
    3    5
  0.00373418  -0.00000000     0.00277154  -0.00000000     0.00000000   0.00000000
  0.04315346   0.00000000     0.00373418  -0.00000000     0.00000000   0.00000000
  0.00000000   0.00000000     0.00000000   0.00000000    -0.00555385  -0.00000000
    3    6
 -0.00373418   0.00000000     0.00000000   0.00000000     0.00277154  -0.00000000
 -0.00000000   0.00000000     0.00555385  -0.00000000    -0.00000000  -0.00000000
  0.04315346  -0.00000000     0.00000000  -0.00000000    -0.00373418   0.00000000
    3    7
  0.00373418   0.00000000     0.00000000  -0.00000000     0.00277154   0.00000000
 -0.00000000  -0.00000000    -0.00555385   0.00000000     0.00000000  -0.00000000
  0.04315346  -0.00000000     0.00000000  -0.00000000     0.00373418   0.00000000
    4    1
 -0.00473676  -0.00000000    -0.00000000  -0.00000000    -0.00000000   0.00000000
 -0.00000000   0.00000000     0.00000000   0.00000000    -0.00000000   0.00000000
 -0.00000000  -0.00000000    -0.00000000  -0.00000000     0.00473676   0.00000000
    4    2
  0.00373418  -0.00000000     0.04315346   0.00000000     0.00000000   0.00000000
  0.00277154  -0.00000000     0.00373418  -0.00000000     0.00000000   0.00000000
  0.00000000   0.00000000     0.00000000   0.00000000    -0.00555385  -0.00000000
    4    3
 -0.00373418   0.00000000     0.04315346  -0.00000000    -0.00000000   0.00000000
  0.00277154  -0.00000000    -0.00373418   0.00000000    -0.00000000  -0.00000000
 -0.00000000   0.00000000     0.00000000  -0.00000000     0.00555385  -0.00000000
    4    4
  0.05404919   0.00000000     0.00000000   0.00000000    -0.00000000   0.00000000
  0.00000000   0.00000000     0.05410965   0.00000000    -0.00000000   0.00000000
 -0.00000000   0.00000000    -0.00000000   0.00000000     0.05404919   0.00000000
    4    5
  0.03628203  -0.00000000     0.00000000  -0.00000000    -0.00000000  -0.00000000
 -0.00000000  -0.00000000     0.03571573  -0.00000000    -0.00000000   0.00000000
 -0.00000000  -0.00000000    -0.00000000   0.00000000     0.03628203  -0.00000000
    4    6
 -0.00555385   0.00000000     0.00000000  -0.00000000     0.00000000  -0.00000000
  0.00000000  -0.00000000     0.00373418   0.00000000     0.00277154   0.00000000
 -0.00000000  -0.00000000     0.04315346  -0.00000000     0.00373418   0.00000000
    4    7
  0.00555385  -0.00000000     0.00000000   0.00000000    -0.00000000  -0.00000000
 -0.00000000   0.00000000    -0.00373418   0.00000000     0.00277154  -0.00000000
 -0.00000000  -0.00000000     0.04315346  -0.00000000    -0.00373418   0.00000000
    5    1
  0.00473676   0.00000000     0.00000000  -0.00000000     0.00000000  -0.00000000
  0.00000000   0.00000000     0.00000000   0.00000000     0.00000000   0.00000000
  0.00000000   0.00000000     0.00000000  -0.00000000    -0.00473676  -0.00000000
    5    2
 -0.00373418   0.00000000     0.04315346  -0.00000000     0.00000000  -0.00000000
  0.00277154   0.00000000    -0.00373418  -0.00000000    -0.00000000   0.00000000
 -0.00000000  -0.00000000    -0.00000000   0.00000000     0.00555385   0.00000000
    5    3
  0.00373418   0.00000000     0.04315346  -0.00000000     0.00000000  -0.00000000
  0.00277154   0.00000000     0.00373418   0.00000000     0.00000000  -0.00000000
 -0.00000000  -0.00000000     0.00000000  -0.00000000    -0.00555385   0.00000000
    5    4
  0.03628203   0.00000000    -0.00000000   0.00000000    -0.00000000   0.00000000
 -0.00000000   0.00000000     0.03571573   0.00000000    -0.00000000  -0.00000000
 -0.00000000   0.00000000    -0.00000000  -0.00000000     0.03628203   0.00000000
    5    5
  0.05404919   0.00000000    -0.00000000   0.00000000     0.00000000   0.00000000
 -0.00000000   0.00000000     0.05410965   0.00000000    -0.00000000   0.00000000
  0.00000000   0.00000000    -0.00000000   0.00000000     0.05404919   0.00000000
    5    6
  0.00555385   0.00000000    -0.00000000  -0.00000000     0.00000000   0.00000000
 -0.00000000  -0.00000000    -0.00373418  -0.00000000     0.00277154   0.00000000
 -0.00000000   0.00000000     0.04315346   0.00000000    -0.00373418  -0.00000000
    5    7
 -0.00555385  -0.00000000    -0.00000000   0.00000000     0.00000000   0.00000000
 -0.00000000   0.00000000     0.00373418  -0.00000000     0.00277154  -0.00000000
  0.00000000   0.00000000     0.04315346   0.00000000     0.00373418  -0.00000000
    6    1
  0.00473676   0.00000000    -0.00000000   0.00000000     0.00000000  -0.00000000
  0.00000000  -0.00000000    -0.00473676  -0.00000000     0.00000000  -0.00000000
 -0.00000000   0.00000000    -0.00000000   0.00000000     0.00000000   0.00000000
    6    2
  0.00373418   0.00000000    -0.00000000  -0.00000000     0.04315346  -0.00000000
 -0.00000000  -0.00000000    -0.00555385   0.00000000    -0.00000000  -0.00000000
  0.00277154   0.00000000     0.00000000  -0.00000000     0.00373418   0.00000000
    6    3
 -0.00373418  -0.00000000    -0.00000000  -0.00000000     0.04315346   0.00000000
 -0.00000000  -0.00000000     0.00555385   0.00000000     0.00000000   0.00000000
  0.00277154   0.00000000    -0.00000000   0.00000000    -0.00373418  -0.00000000
    6    4
 -0.00555385  -0.00000000    -0.00000000   0.00000000    -0.00000000   0.00000000
 -0.00000000   0.00000000     0.00373418  -0.00000000     0.04315346   0.00000000
 -0.00000000   0.00000000     0.00277154  -0.00000000     0.00373418  -0.00000000
    6    5
  0.00555385  -0.00000000     0.00000000   0.00000000     0.00000000  -0.00000000
 -0.00000000   0.00000000    -0.00373418   0.00000000     0.04315346  -0.00000000
  0.00000000  -0.00000000     0.00277154  -0.00000000    -0.00373418   0.00000000
    6    6
  0.05404919   0.00000000    -0.00000000   0.00000000    -0.00000000   0.00000000
  0.00000000   0.00000000     0.05404919   0.00000000    -0.00000000   0.00000000
 -0.00000000   0.00000000    -0.00000000   0.00000000     0.05410965   0.00000000
    6    7
  0.03628203  -0.00000000    -0.00000000   0.00000000    -0.00000000   0.00000000
 -0.00000000   0.00000000     0.03628203   0.00000000     0.00000000  -0.00000000
 -0.00000000   0.00000000    -0.00000000  -0.00000000     0.03571573  -0.00000000
    7    1
 -0.00473676  -0.00000000    -0.00000000  -0.00000000     0.00000000  -0.00000000
  0.00000000   0.00000000     0.00473676   0.00000000     0.00000000  -0.00000000
  0.00000000   0.00000000     0.00000000   0.00000000     0.00000000   0.00000000
    7    2
 -0.00373418   0.00000000    -0.00000000   0.00000000     0.04315346  -0.00000000
 -0.00000000   0.00000000     0.00555385  -0.00000000    -0.00000000  -0.00000000
  0.00277154  -0.00000000    -0.00000000  -0.00000000    -0.00373418   0.00000000
    7    3
  0.00373418  -0.00000000    -0.00000000   0.00000000     0.04315346   0.00000000
  0.00000000   0.00000000    -0.00555385  -0.00000000    -0.00000000   0.00000000
  0.00277154  -0.00000000     0.00000000   0.00000000     0.00373418  -0.00000000
    7    4
  0.00555385   0.00000000    -0.00000000  -0.00000000    -0.00000000   0.00000000
 -0.00000000  -0.00000000    -0.00373418  -0.00000000     0.04315346   0.00000000
 -0.00000000   0.00000000     0.00277154   0.00000000    -0.00373418  -0.00000000
    7    5
 -0.00555385   0.00000000    -0.00000000  -0.00000000     0.00000000  -0.00000000
 -0.00000000  -0.00000000     0.00373418   0.00000000     0.04315346  -0.00000000
  0.00000000  -0.00000000     0.00277154   0.00000000     0.00373418   0.00000000
    7    6
  0.03628203   0.00000000    -0.00000000  -0.00000000    -0.00000000  -0.00000000
 -0.00000000   0.00000000     0.03628203  -0.00000000    -0.00000000   0.00000000
 -0.00000000  -0.00000000    -0.00000000   0.00000000     0.03571573  -0.00000000
    7    7
  0.05404919   0.00000000     0.00000000   0.00000000    -0.00000000   0.00000000
  0.00000000   0.00000000     0.05404919   0.00000000    -0.00000000   0.00000000
 -0.00000000   0.00000000    -0.00000000   0.00000000     0.05410965   0.00000000
