  1.000000000000000E-002   1.26045764302382        2.13065582614097     
           1

     Dynamical  Matrix in cartesian axes

     q = (   -0.866025400  -0.866025400  -0.866025400 ) 

    1    1
  0.01516170   0.00000000    -0.00000000   0.00000000    -0.00000000   0.00000000
  0.00000000   0.00000000     0.01516170   0.00000000    -0.00000000   0.00000000
 -0.00000000   0.00000000    -0.00000000   0.00000000     0.01516170   0.00000000
    1    2
  0.00000000  -0.00000000    -0.00000000   0.00000000     0.00000000   0.00000000
 -0.00000000  -0.00000000     0.00419285  -0.00000000     0.00000000  -0.00000000
  0.00000000  -0.00000000     0.00000000   0.00000000    -0.00419285   0.00000000
    1    3
  0.00000000  -0.00000000     0.00000000   0.00000000    -0.00000000   0.00000000
  0.00000000  -0.00000000    -0.00419285   0.00000000     0.00000000  -0.00000000
  0.00000000  -0.00000000    -0.00000000   0.00000000     0.00419285  -0.00000000
    1    4
 -0.00419285   0.00000000     0.00000000  -0.00000000    -0.00000000   0.00000000
  0.00000000   0.00000000     0.00000000  -0.00000000    -0.00000000   0.00000000
 -0.00000000  -0.00000000    -0.00000000  -0.00000000     0.00419285  -0.00000000
    1    5
  0.00419285  -0.00000000    -0.00000000  -0.00000000     0.00000000  -0.00000000
 -0.00000000   0.00000000    -0.00000000  -0.00000000     0.00000000   0.00000000
  0.00000000   0.00000000     0.00000000  -0.00000000    -0.00419285   0.00000000
    1    6
  0.00419285  -0.00000000     0.00000000   0.00000000     0.00000000  -0.00000000
  0.00000000  -0.00000000    -0.00419285   0.00000000     0.00000000  -0.00000000
  0.00000000   0.00000000     0.00000000   0.00000000     0.00000000  -0.00000000
    1    7
 -0.00419285   0.00000000    -0.00000000  -0.00000000     0.00000000  -0.00000000
 -0.00000000   0.00000000     0.00419285  -0.00000000     0.00000000  -0.00000000
 -0.00000000   0.00000000    -0.00000000   0.00000000     0.00000000  -0.00000000
    2    1
  0.00000000   0.00000000    -0.00000000   0.00000000     0.00000000   0.00000000
 -0.00000000  -0.00000000     0.00419285   0.00000000     0.00000000  -0.00000000
  0.00000000  -0.00000000     0.00000000   0.00000000    -0.00419285  -0.00000000
    2    2
  0.05151934   0.00000000    -0.00000000   0.00000000    -0.00000000   0.00000000
 -0.00000000   0.00000000     0.06774775   0.00000000    -0.00000000   0.00000000
 -0.00000000   0.00000000    -0.00000000   0.00000000     0.06774775   0.00000000
    2    3
  0.02519199   0.00000000    -0.00000000   0.00000000    -0.00000000  -0.00000000
  0.00000000   0.00000000     0.04709041   0.00000000     0.00000000   0.00000000
  0.00000000  -0.00000000     0.00000000   0.00000000     0.04709041   0.00000000
    2    4
  0.00523437   0.00000000     0.00901565   0.00000000    -0.00000000  -0.00000000
  0.05474680  -0.00000000     0.00523437   0.00000000    -0.00000000  -0.00000000
 -0.00000000  -0.00000000    -0.00000000  -0.00000000    -0.00573969   0.00000000
    2    5
 -0.00523437  -0.00000000     0.00901565  -0.00000000    -0.00000000   0.00000000
  0.05474680   0.00000000    -0.00523437   0.00000000    -0.00000000  -0.00000000
  0.00000000   0.00000000     0.00000000  -0.00000000     0.00573969   0.00000000
    2    6
  0.00523437  -0.00000000    -0.00000000   0.00000000     0.00901565  -0.00000000
 -0.00000000   0.00000000    -0.00573969  -0.00000000     0.00000000   0.00000000
  0.05474680   0.00000000     0.00000000   0.00000000     0.00523437  -0.00000000
    2    7
 -0.00523437  -0.00000000    -0.00000000  -0.00000000     0.00901565   0.00000000
 -0.00000000  -0.00000000     0.00573969   0.00000000     0.00000000   0.00000000
  0.05474680   0.00000000     0.00000000   0.00000000    -0.00523437  -0.00000000
    3    1
  0.00000000   0.00000000     0.00000000   0.00000000    -0.00000000   0.00000000
  0.00000000  -0.00000000    -0.00419285  -0.00000000    -0.00000000  -0.00000000
  0.00000000  -0.00000000     0.00000000   0.00000000     0.00419285   0.00000000
    3    2
  0.02519199  -0.00000000     0.00000000  -0.00000000    -0.00000000   0.00000000
  0.00000000  -0.00000000     0.04709041  -0.00000000    -0.00000000  -0.00000000
 -0.00000000   0.00000000     0.00000000  -0.00000000     0.04709041  -0.00000000
    3    3
  0.05151934   0.00000000     0.00000000   0.00000000     0.00000000   0.00000000
  0.00000000   0.00000000     0.06774775   0.00000000    -0.00000000   0.00000000
  0.00000000   0.00000000    -0.00000000   0.00000000     0.06774775   0.00000000
    3    4
 -0.00523437  -0.00000000     0.00901565   0.00000000    -0.00000000  -0.00000000
  0.05474680   0.00000000    -0.00523437  -0.00000000    -0.00000000   0.00000000
 -0.00000000  -0.00000000     0.00000000   0.00000000     0.00573969   0.00000000
    3    5
  0.00523437  -0.00000000     0.00901565  -0.00000000    -0.00000000   0.00000000
  0.05474680   0.00000000     0.00523437  -0.00000000    -0.00000000   0.00000000
 -0.00000000   0.00000000    -0.00000000   0.00000000    -0.00573969  -0.00000000
    3    6
 -0.00523437   0.00000000    -0.00000000   0.00000000     0.00901565  -0.00000000
 -0.00000000   0.00000000     0.00573969  -0.00000000    -0.00000000  -0.00000000
  0.05474680  -0.00000000    -0.00000000  -0.00000000    -0.00523437   0.00000000
    3    7
  0.00523437   0.00000000    -0.00000000  -0.00000000     0.00901565   0.00000000
 -0.00000000  -0.00000000    -0.00573969   0.00000000    -0.00000000  -0.00000000
  0.05474680  -0.00000000    -0.00000000  -0.00000000     0.00523437   0.00000000
    4    1
 -0.00419285  -0.00000000     0.00000000  -0.00000000    -0.00000000   0.00000000
  0.00000000   0.00000000     0.00000000   0.00000000    -0.00000000   0.00000000
 -0.00000000  -0.00000000    -0.00000000  -0.00000000     0.00419285   0.00000000
    4    2
  0.00523437  -0.00000000     0.05474680   0.00000000    -0.00000000   0.00000000
  0.00901565  -0.00000000     0.00523437  -0.00000000    -0.00000000   0.00000000
 -0.00000000   0.00000000    -0.00000000   0.00000000    -0.00573969  -0.00000000
    4    3
 -0.00523437   0.00000000     0.05474680  -0.00000000    -0.00000000   0.00000000
  0.00901565  -0.00000000    -0.00523437   0.00000000     0.00000000  -0.00000000
 -0.00000000   0.00000000    -0.00000000  -0.00000000     0.00573969  -0.00000000
    4    4
  0.06774775   0.00000000    -0.00000000   0.00000000    -0.00000000   0.00000000
 -0.00000000   0.00000000     0.05151934   0.00000000    -0.00000000   0.00000000
 -0.00000000   0.00000000    -0.00000000   0.00000000     0.06774775   0.00000000
    4    5
  0.04709041  -0.00000000     0.00000000  -0.00000000     0.00000000  -0.00000000
 -0.00000000  -0.00000000     0.02519199  -0.00000000    -0.00000000   0.00000000
 -0.00000000  -0.00000000    -0.00000000   0.00000000     0.04709041  -0.00000000
    4    6
 -0.00573969   0.00000000    -0.00000000  -0.00000000     0.00000000  -0.00000000
 -0.00000000  -0.00000000     0.00523437   0.00000000     0.00901565   0.00000000
  0.00000000  -0.00000000     0.05474680  -0.00000000     0.00523437   0.00000000
    4    7
  0.00573969  -0.00000000     0.00000000   0.00000000     0.00000000  -0.00000000
  0.00000000   0.00000000    -0.00523437   0.00000000     0.00901565  -0.00000000
  0.00000000  -0.00000000     0.05474680  -0.00000000    -0.00523437   0.00000000
    5    1
  0.00419285   0.00000000    -0.00000000  -0.00000000     0.00000000  -0.00000000
 -0.00000000   0.00000000    -0.00000000   0.00000000     0.00000000   0.00000000
  0.00000000   0.00000000     0.00000000  -0.00000000    -0.00419285  -0.00000000
    5    2
 -0.00523437   0.00000000     0.05474680  -0.00000000     0.00000000  -0.00000000
  0.00901565  -0.00000000    -0.00523437  -0.00000000    -0.00000000   0.00000000
 -0.00000000  -0.00000000    -0.00000000   0.00000000     0.00573969  -0.00000000
    5    3
  0.00523437   0.00000000     0.05474680  -0.00000000    -0.00000000  -0.00000000
  0.00901565   0.00000000     0.00523437   0.00000000    -0.00000000  -0.00000000
 -0.00000000  -0.00000000    -0.00000000  -0.00000000    -0.00573969   0.00000000
    5    4
  0.04709041   0.00000000     0.00000000   0.00000000    -0.00000000   0.00000000
  0.00000000   0.00000000     0.02519199   0.00000000     0.00000000  -0.00000000
 -0.00000000   0.00000000    -0.00000000  -0.00000000     0.04709041   0.00000000
    5    5
  0.06774775   0.00000000     0.00000000   0.00000000    -0.00000000   0.00000000
  0.00000000   0.00000000     0.05151934   0.00000000    -0.00000000   0.00000000
 -0.00000000   0.00000000     0.00000000   0.00000000     0.06774775   0.00000000
    5    6
  0.00573969   0.00000000     0.00000000  -0.00000000    -0.00000000   0.00000000
 -0.00000000  -0.00000000    -0.00523437  -0.00000000     0.00901565   0.00000000
 -0.00000000   0.00000000     0.05474680   0.00000000    -0.00523437  -0.00000000
    5    7
 -0.00573969  -0.00000000    -0.00000000   0.00000000    -0.00000000   0.00000000
 -0.00000000   0.00000000     0.00523437  -0.00000000     0.00901565  -0.00000000
 -0.00000000   0.00000000     0.05474680   0.00000000     0.00523437  -0.00000000
    6    1
  0.00419285   0.00000000     0.00000000   0.00000000     0.00000000  -0.00000000
  0.00000000  -0.00000000    -0.00419285  -0.00000000     0.00000000  -0.00000000
  0.00000000   0.00000000     0.00000000   0.00000000     0.00000000   0.00000000
    6    2
  0.00523437   0.00000000    -0.00000000  -0.00000000     0.05474680  -0.00000000
 -0.00000000  -0.00000000    -0.00573969   0.00000000    -0.00000000  -0.00000000
  0.00901565   0.00000000    -0.00000000  -0.00000000     0.00523437   0.00000000
    6    3
 -0.00523437  -0.00000000    -0.00000000  -0.00000000     0.05474680   0.00000000
 -0.00000000  -0.00000000     0.00573969   0.00000000    -0.00000000   0.00000000
  0.00901565   0.00000000    -0.00000000   0.00000000    -0.00523437  -0.00000000
    6    4
 -0.00573969  -0.00000000    -0.00000000   0.00000000    -0.00000000   0.00000000
 -0.00000000   0.00000000     0.00523437  -0.00000000     0.05474680   0.00000000
 -0.00000000   0.00000000     0.00901565  -0.00000000     0.00523437  -0.00000000
    6    5
  0.00573969  -0.00000000    -0.00000000   0.00000000     0.00000000  -0.00000000
 -0.00000000   0.00000000    -0.00523437   0.00000000     0.05474680  -0.00000000
 -0.00000000  -0.00000000     0.00901565  -0.00000000    -0.00523437   0.00000000
    6    6
  0.06774775   0.00000000    -0.00000000   0.00000000    -0.00000000   0.00000000
 -0.00000000   0.00000000     0.06774775   0.00000000    -0.00000000   0.00000000
 -0.00000000   0.00000000    -0.00000000   0.00000000     0.05151934   0.00000000
    6    7
  0.04709041  -0.00000000    -0.00000000   0.00000000    -0.00000000   0.00000000
  0.00000000   0.00000000     0.04709041   0.00000000     0.00000000  -0.00000000
  0.00000000   0.00000000    -0.00000000  -0.00000000     0.02519199   0.00000000
    7    1
 -0.00419285  -0.00000000    -0.00000000  -0.00000000    -0.00000000  -0.00000000
 -0.00000000   0.00000000     0.00419285   0.00000000    -0.00000000  -0.00000000
  0.00000000   0.00000000     0.00000000   0.00000000     0.00000000   0.00000000
    7    2
 -0.00523437   0.00000000    -0.00000000   0.00000000     0.05474680  -0.00000000
 -0.00000000   0.00000000     0.00573969  -0.00000000     0.00000000  -0.00000000
  0.00901565  -0.00000000     0.00000000  -0.00000000    -0.00523437   0.00000000
    7    3
  0.00523437  -0.00000000    -0.00000000   0.00000000     0.05474680   0.00000000
 -0.00000000   0.00000000    -0.00573969  -0.00000000    -0.00000000   0.00000000
  0.00901565  -0.00000000    -0.00000000   0.00000000     0.00523437  -0.00000000
    7    4
  0.00573969   0.00000000     0.00000000  -0.00000000     0.00000000   0.00000000
 -0.00000000  -0.00000000    -0.00523437  -0.00000000     0.05474680   0.00000000
  0.00000000   0.00000000     0.00901565   0.00000000    -0.00523437  -0.00000000
    7    5
 -0.00573969   0.00000000    -0.00000000  -0.00000000    -0.00000000  -0.00000000
 -0.00000000  -0.00000000     0.00523437   0.00000000     0.05474680  -0.00000000
 -0.00000000  -0.00000000     0.00901565   0.00000000     0.00523437   0.00000000
    7    6
  0.04709041   0.00000000     0.00000000  -0.00000000    -0.00000000  -0.00000000
 -0.00000000   0.00000000     0.04709041  -0.00000000    -0.00000000   0.00000000
 -0.00000000  -0.00000000    -0.00000000   0.00000000     0.02519199   0.00000000
    7    7
  0.06774775   0.00000000    -0.00000000   0.00000000    -0.00000000   0.00000000
 -0.00000000   0.00000000     0.06774775   0.00000000     0.00000000   0.00000000
 -0.00000000   0.00000000     0.00000000   0.00000000     0.05151934   0.00000000
