  5.000000000000000E-003   1.26088367795901        1.90067469670089     
           1

     Dynamical  Matrix in cartesian axes

     q = (   -0.866025400  -0.866025400  -0.866025400 ) 

    1    1
  0.03883186   0.00000000    -0.00000000   0.00000000    -0.00000000   0.00000000
 -0.00000000   0.00000000     0.03883186   0.00000000    -0.00000000   0.00000000
 -0.00000000   0.00000000    -0.00000000   0.00000000     0.03883186   0.00000000
    1    2
 -0.00000000  -0.00000000    -0.00000000   0.00000000     0.00000000   0.00000000
 -0.00000000  -0.00000000     0.00755492  -0.00000000     0.00000000  -0.00000000
  0.00000000  -0.00000000    -0.00000000   0.00000000    -0.00755492   0.00000000
    1    3
 -0.00000000  -0.00000000     0.00000000   0.00000000     0.00000000   0.00000000
  0.00000000  -0.00000000    -0.00755492   0.00000000     0.00000000  -0.00000000
 -0.00000000  -0.00000000    -0.00000000   0.00000000     0.00755492  -0.00000000
    1    4
 -0.00755492   0.00000000     0.00000000  -0.00000000    -0.00000000   0.00000000
  0.00000000   0.00000000     0.00000000  -0.00000000    -0.00000000   0.00000000
 -0.00000000  -0.00000000    -0.00000000  -0.00000000     0.00755492  -0.00000000
    1    5
  0.00755492  -0.00000000    -0.00000000  -0.00000000    -0.00000000  -0.00000000
 -0.00000000   0.00000000    -0.00000000  -0.00000000     0.00000000   0.00000000
  0.00000000   0.00000000     0.00000000  -0.00000000    -0.00755492   0.00000000
    1    6
  0.00755492  -0.00000000     0.00000000   0.00000000     0.00000000  -0.00000000
 -0.00000000  -0.00000000    -0.00755492   0.00000000     0.00000000  -0.00000000
  0.00000000   0.00000000     0.00000000   0.00000000    -0.00000000  -0.00000000
    1    7
 -0.00755492   0.00000000     0.00000000  -0.00000000     0.00000000  -0.00000000
 -0.00000000   0.00000000     0.00755492  -0.00000000     0.00000000  -0.00000000
  0.00000000   0.00000000     0.00000000   0.00000000    -0.00000000  -0.00000000
    2    1
 -0.00000000   0.00000000    -0.00000000   0.00000000     0.00000000   0.00000000
 -0.00000000  -0.00000000     0.00755492   0.00000000    -0.00000000  -0.00000000
  0.00000000  -0.00000000     0.00000000   0.00000000    -0.00755492  -0.00000000
    2    2
  0.10055751   0.00000000    -0.00000000   0.00000000    -0.00000000   0.00000000
 -0.00000000   0.00000000     0.19299047   0.00000000     0.00000000   0.00000000
 -0.00000000   0.00000000     0.00000000   0.00000000     0.19299047   0.00000000
    2    3
  0.01841183   0.00000000     0.00000000   0.00000000    -0.00000000  -0.00000000
  0.00000000   0.00000000     0.13983386   0.00000000    -0.00000000   0.00000000
  0.00000000  -0.00000000    -0.00000000   0.00000000     0.13983386   0.00000000
    2    4
  0.01608245   0.00000000     0.02433647   0.00000000     0.00000000  -0.00000000
  0.15835749  -0.00000000     0.01608245   0.00000000     0.00000000  -0.00000000
 -0.00000000  -0.00000000     0.00000000  -0.00000000    -0.01262581   0.00000000
    2    5
 -0.01608245  -0.00000000     0.02433647  -0.00000000     0.00000000   0.00000000
  0.15835749   0.00000000    -0.01608245   0.00000000    -0.00000000  -0.00000000
 -0.00000000   0.00000000     0.00000000  -0.00000000     0.01262581   0.00000000
    2    6
  0.01608245  -0.00000000    -0.00000000   0.00000000     0.02433647  -0.00000000
 -0.00000000   0.00000000    -0.01262581  -0.00000000    -0.00000000   0.00000000
  0.15835749   0.00000000    -0.00000000   0.00000000     0.01608245  -0.00000000
    2    7
 -0.01608245  -0.00000000    -0.00000000  -0.00000000     0.02433647   0.00000000
  0.00000000  -0.00000000     0.01262581  -0.00000000     0.00000000   0.00000000
  0.15835749   0.00000000    -0.00000000   0.00000000    -0.01608245  -0.00000000
    3    1
 -0.00000000   0.00000000     0.00000000   0.00000000     0.00000000   0.00000000
  0.00000000  -0.00000000    -0.00755492  -0.00000000    -0.00000000  -0.00000000
  0.00000000  -0.00000000     0.00000000   0.00000000     0.00755492   0.00000000
    3    2
  0.01841183  -0.00000000     0.00000000  -0.00000000     0.00000000   0.00000000
  0.00000000  -0.00000000     0.13983386  -0.00000000    -0.00000000  -0.00000000
  0.00000000   0.00000000    -0.00000000  -0.00000000     0.13983386  -0.00000000
    3    3
  0.10055751   0.00000000     0.00000000   0.00000000     0.00000000   0.00000000
  0.00000000   0.00000000     0.19299047   0.00000000    -0.00000000   0.00000000
  0.00000000   0.00000000    -0.00000000   0.00000000     0.19299047   0.00000000
    3    4
 -0.01608245  -0.00000000     0.02433647   0.00000000     0.00000000  -0.00000000
  0.15835749   0.00000000    -0.01608245  -0.00000000     0.00000000   0.00000000
 -0.00000000  -0.00000000    -0.00000000   0.00000000     0.01262581   0.00000000
    3    5
  0.01608245  -0.00000000     0.02433647  -0.00000000     0.00000000   0.00000000
  0.15835749   0.00000000     0.01608245  -0.00000000     0.00000000   0.00000000
  0.00000000   0.00000000    -0.00000000   0.00000000    -0.01262581  -0.00000000
    3    6
 -0.01608245   0.00000000    -0.00000000   0.00000000     0.02433647  -0.00000000
 -0.00000000   0.00000000     0.01262581   0.00000000     0.00000000  -0.00000000
  0.15835749  -0.00000000     0.00000000  -0.00000000    -0.01608245   0.00000000
    3    7
  0.01608245   0.00000000    -0.00000000  -0.00000000     0.02433647   0.00000000
 -0.00000000  -0.00000000    -0.01262581   0.00000000    -0.00000000  -0.00000000
  0.15835749  -0.00000000    -0.00000000  -0.00000000     0.01608245   0.00000000
    4    1
 -0.00755492  -0.00000000     0.00000000  -0.00000000     0.00000000   0.00000000
  0.00000000   0.00000000    -0.00000000   0.00000000    -0.00000000   0.00000000
 -0.00000000  -0.00000000     0.00000000  -0.00000000     0.00755492   0.00000000
    4    2
  0.01608245  -0.00000000     0.15835749   0.00000000    -0.00000000   0.00000000
  0.02433647  -0.00000000     0.01608245  -0.00000000     0.00000000   0.00000000
  0.00000000   0.00000000     0.00000000   0.00000000    -0.01262581  -0.00000000
    4    3
 -0.01608245   0.00000000     0.15835749  -0.00000000    -0.00000000   0.00000000
  0.02433647  -0.00000000    -0.01608245   0.00000000    -0.00000000  -0.00000000
  0.00000000   0.00000000     0.00000000  -0.00000000     0.01262581  -0.00000000
    4    4
  0.19299047   0.00000000    -0.00000000   0.00000000     0.00000000   0.00000000
 -0.00000000   0.00000000     0.10055751   0.00000000    -0.00000000   0.00000000
  0.00000000   0.00000000    -0.00000000   0.00000000     0.19299047   0.00000000
    4    5
  0.13983386  -0.00000000    -0.00000000  -0.00000000    -0.00000000  -0.00000000
  0.00000000  -0.00000000     0.01841183  -0.00000000    -0.00000000   0.00000000
 -0.00000000  -0.00000000    -0.00000000   0.00000000     0.13983386  -0.00000000
    4    6
 -0.01262581   0.00000000     0.00000000  -0.00000000     0.00000000  -0.00000000
  0.00000000  -0.00000000     0.01608245   0.00000000     0.02433647   0.00000000
  0.00000000  -0.00000000     0.15835749  -0.00000000     0.01608245   0.00000000
    4    7
  0.01262581  -0.00000000    -0.00000000   0.00000000     0.00000000  -0.00000000
 -0.00000000   0.00000000    -0.01608245   0.00000000     0.02433647  -0.00000000
  0.00000000  -0.00000000     0.15835749  -0.00000000    -0.01608245   0.00000000
    5    1
  0.00755492   0.00000000    -0.00000000  -0.00000000     0.00000000  -0.00000000
  0.00000000   0.00000000    -0.00000000   0.00000000     0.00000000   0.00000000
  0.00000000   0.00000000     0.00000000  -0.00000000    -0.00755492  -0.00000000
    5    2
 -0.01608245   0.00000000     0.15835749   0.00000000     0.00000000  -0.00000000
  0.02433647   0.00000000    -0.01608245  -0.00000000     0.00000000   0.00000000
  0.00000000  -0.00000000    -0.00000000   0.00000000     0.01262581  -0.00000000
    5    3
  0.01608245   0.00000000     0.15835749  -0.00000000     0.00000000  -0.00000000
  0.02433647   0.00000000     0.01608245   0.00000000    -0.00000000  -0.00000000
  0.00000000  -0.00000000     0.00000000  -0.00000000    -0.01262581   0.00000000
    5    4
  0.13983386   0.00000000     0.00000000   0.00000000    -0.00000000   0.00000000
 -0.00000000   0.00000000     0.01841183   0.00000000    -0.00000000  -0.00000000
 -0.00000000   0.00000000    -0.00000000  -0.00000000     0.13983386   0.00000000
    5    5
  0.19299047   0.00000000     0.00000000   0.00000000    -0.00000000   0.00000000
  0.00000000   0.00000000     0.10055751   0.00000000     0.00000000   0.00000000
 -0.00000000   0.00000000    -0.00000000   0.00000000     0.19299047   0.00000000
    5    6
  0.01262581  -0.00000000    -0.00000000  -0.00000000    -0.00000000   0.00000000
  0.00000000  -0.00000000    -0.01608245  -0.00000000     0.02433647   0.00000000
  0.00000000   0.00000000     0.15835749   0.00000000    -0.01608245  -0.00000000
    5    7
 -0.01262581  -0.00000000    -0.00000000   0.00000000    -0.00000000   0.00000000
 -0.00000000   0.00000000     0.01608245  -0.00000000     0.02433647  -0.00000000
  0.00000000   0.00000000     0.15835749   0.00000000     0.01608245  -0.00000000
    6    1
  0.00755492   0.00000000     0.00000000   0.00000000    -0.00000000  -0.00000000
 -0.00000000  -0.00000000    -0.00755492  -0.00000000    -0.00000000  -0.00000000
  0.00000000   0.00000000     0.00000000   0.00000000    -0.00000000   0.00000000
    6    2
  0.01608245   0.00000000    -0.00000000  -0.00000000     0.15835749  -0.00000000
 -0.00000000  -0.00000000    -0.01262581   0.00000000    -0.00000000  -0.00000000
  0.02433647   0.00000000     0.00000000  -0.00000000     0.01608245   0.00000000
    6    3
 -0.01608245  -0.00000000    -0.00000000  -0.00000000     0.15835749   0.00000000
 -0.00000000  -0.00000000     0.01262581  -0.00000000     0.00000000   0.00000000
  0.02433647   0.00000000     0.00000000   0.00000000    -0.01608245  -0.00000000
    6    4
 -0.01262581  -0.00000000     0.00000000   0.00000000    -0.00000000   0.00000000
  0.00000000   0.00000000     0.01608245  -0.00000000     0.15835749   0.00000000
 -0.00000000   0.00000000     0.02433647  -0.00000000     0.01608245  -0.00000000
    6    5
  0.01262581   0.00000000     0.00000000   0.00000000     0.00000000  -0.00000000
 -0.00000000   0.00000000    -0.01608245   0.00000000     0.15835749  -0.00000000
 -0.00000000  -0.00000000     0.02433647  -0.00000000    -0.01608245   0.00000000
    6    6
  0.19299047   0.00000000     0.00000000   0.00000000    -0.00000000   0.00000000
  0.00000000   0.00000000     0.19299047   0.00000000    -0.00000000   0.00000000
 -0.00000000   0.00000000    -0.00000000   0.00000000     0.10055751   0.00000000
    6    7
  0.13983386  -0.00000000    -0.00000000   0.00000000    -0.00000000   0.00000000
 -0.00000000  -0.00000000     0.13983386   0.00000000    -0.00000000  -0.00000000
 -0.00000000   0.00000000    -0.00000000  -0.00000000     0.01841183   0.00000000
    7    1
 -0.00755492  -0.00000000    -0.00000000  -0.00000000     0.00000000  -0.00000000
  0.00000000   0.00000000     0.00755492   0.00000000     0.00000000  -0.00000000
  0.00000000   0.00000000     0.00000000   0.00000000    -0.00000000   0.00000000
    7    2
 -0.01608245   0.00000000     0.00000000   0.00000000     0.15835749  -0.00000000
 -0.00000000   0.00000000     0.01262581   0.00000000     0.00000000  -0.00000000
  0.02433647  -0.00000000     0.00000000  -0.00000000    -0.01608245   0.00000000
    7    3
  0.01608245  -0.00000000    -0.00000000   0.00000000     0.15835749   0.00000000
 -0.00000000   0.00000000    -0.01262581  -0.00000000    -0.00000000   0.00000000
  0.02433647  -0.00000000    -0.00000000   0.00000000     0.01608245  -0.00000000
    7    4
  0.01262581   0.00000000    -0.00000000  -0.00000000     0.00000000   0.00000000
  0.00000000  -0.00000000    -0.01608245  -0.00000000     0.15835749   0.00000000
  0.00000000   0.00000000     0.02433647   0.00000000    -0.01608245  -0.00000000
    7    5
 -0.01262581   0.00000000    -0.00000000  -0.00000000    -0.00000000  -0.00000000
 -0.00000000  -0.00000000     0.01608245   0.00000000     0.15835749  -0.00000000
 -0.00000000  -0.00000000     0.02433647   0.00000000     0.01608245   0.00000000
    7    6
  0.13983386   0.00000000    -0.00000000  -0.00000000    -0.00000000  -0.00000000
 -0.00000000   0.00000000     0.13983386  -0.00000000    -0.00000000   0.00000000
 -0.00000000  -0.00000000    -0.00000000   0.00000000     0.01841183   0.00000000
    7    7
  0.19299047   0.00000000    -0.00000000   0.00000000    -0.00000000   0.00000000
 -0.00000000   0.00000000     0.19299047   0.00000000     0.00000000   0.00000000
  0.00000000   0.00000000    -0.00000000   0.00000000     0.10055751   0.00000000
