4.812400 0.000000 0.000000
0.000000 4.812400 0.000000
0.000000 0.000000 4.812400
1.0 0.0 0.0
0.0 1.0 0.0
0.0 0.0 1.0
0.500000 0.000000 0.000000 Ba=0.5,La=0.5
0.000000 0.500000 0.000000 Ba=0.5,La=0.5
0.000000 0.000000 0.500000 Ba=0.5,La=0.5
0.500000 0.500000 0.500000 Ba=0.5,La=0.5
0.250000 0.750000 0.750000 H=1.0
0.750000 0.250000 0.250000 H=1.0
0.750000 0.250000 0.750000 H=1.0
0.250000 0.750000 0.250000 H=1.0
0.750000 0.750000 0.250000 H=1.0
0.250000 0.250000 0.750000 H=1.0
0.250000 0.250000 0.250000 H=1.0
0.750000 0.750000 0.750000 H=1.0
0.379480 0.379480 0.879480 H=1.0
0.620520 0.620520 0.120520 H=1.0
0.620520 0.620520 0.879480 H=1.0
0.379480 0.379480 0.120520 H=1.0
0.620520 0.379480 0.120520 H=1.0
0.379480 0.620520 0.879480 H=1.0
0.379480 0.620520 0.120520 H=1.0
0.620520 0.379480 0.879480 H=1.0
0.879480 0.379480 0.379480 H=1.0
0.120520 0.620520 0.620520 H=1.0
0.879480 0.620520 0.620520 H=1.0
0.120520 0.379480 0.379480 H=1.0
0.120520 0.620520 0.379480 H=1.0
0.879480 0.379480 0.620520 H=1.0
0.120520 0.379480 0.620520 H=1.0
0.879480 0.620520 0.379480 H=1.0
0.379480 0.879480 0.379480 H=1.0
0.620520 0.120520 0.620520 H=1.0
0.620520 0.879480 0.620520 H=1.0
0.379480 0.120520 0.379480 H=1.0
0.379480 0.120520 0.620520 H=1.0
0.620520 0.879480 0.379480 H=1.0
0.620520 0.120520 0.379480 H=1.0
0.379480 0.879480 0.620520 H=1.0
0.879480 0.879480 0.879480 H=1.0
0.120520 0.120520 0.120520 H=1.0
0.879480 0.120520 0.120520 H=1.0
0.120520 0.879480 0.879480 H=1.0
0.120520 0.120520 0.879480 H=1.0
0.879480 0.879480 0.120520 H=1.0
0.120520 0.879480 0.120520 H=1.0
0.879480 0.120520 0.879480 H=1.0