  4.000000000000000E-002   1.25994432394592        2.39890022168420     
           1

     Dynamical  Matrix in cartesian axes

     q = (   -0.866025400  -0.866025400  -0.866025400 ) 

    1    1
  0.01102763   0.00000000     0.00000000   0.00000000    -0.00000000   0.00000000
  0.00000000   0.00000000     0.01102763   0.00000000    -0.00000000   0.00000000
 -0.00000000   0.00000000    -0.00000000   0.00000000     0.01102763   0.00000000
    1    2
  0.00000000  -0.00000000     0.00000000   0.00000000     0.00000000   0.00000000
 -0.00000000  -0.00000000     0.00382871  -0.00000000     0.00000000   0.00000000
  0.00000000  -0.00000000     0.00000000  -0.00000000    -0.00382871   0.00000000
    1    3
  0.00000000  -0.00000000     0.00000000   0.00000000     0.00000000   0.00000000
  0.00000000  -0.00000000    -0.00382871   0.00000000    -0.00000000   0.00000000
  0.00000000  -0.00000000     0.00000000  -0.00000000     0.00382871  -0.00000000
    1    4
 -0.00382871   0.00000000     0.00000000  -0.00000000     0.00000000  -0.00000000
  0.00000000   0.00000000     0.00000000  -0.00000000    -0.00000000   0.00000000
 -0.00000000   0.00000000    -0.00000000  -0.00000000     0.00382871  -0.00000000
    1    5
  0.00382871  -0.00000000     0.00000000  -0.00000000     0.00000000   0.00000000
 -0.00000000   0.00000000     0.00000000  -0.00000000     0.00000000   0.00000000
  0.00000000  -0.00000000     0.00000000  -0.00000000    -0.00382871   0.00000000
    1    6
  0.00382871  -0.00000000    -0.00000000  -0.00000000    -0.00000000  -0.00000000
  0.00000000   0.00000000    -0.00382871   0.00000000    -0.00000000  -0.00000000
  0.00000000   0.00000000     0.00000000   0.00000000    -0.00000000  -0.00000000
    1    7
 -0.00382871   0.00000000     0.00000000   0.00000000     0.00000000  -0.00000000
  0.00000000  -0.00000000     0.00382871  -0.00000000     0.00000000  -0.00000000
  0.00000000   0.00000000     0.00000000   0.00000000     0.00000000  -0.00000000
    2    1
  0.00000000   0.00000000    -0.00000000   0.00000000    -0.00000000   0.00000000
 -0.00000000  -0.00000000     0.00382871   0.00000000     0.00000000   0.00000000
  0.00000000  -0.00000000    -0.00000000  -0.00000000    -0.00382871  -0.00000000
    2    2
  0.04921463   0.00000000    -0.00000000   0.00000000    -0.00000000   0.00000000
 -0.00000000   0.00000000     0.04361864   0.00000000     0.00000000   0.00000000
 -0.00000000   0.00000000     0.00000000   0.00000000     0.04361864   0.00000000
    2    3
  0.03530424   0.00000000     0.00000000   0.00000000    -0.00000000  -0.00000000
  0.00000000   0.00000000     0.02951937   0.00000000    -0.00000000   0.00000000
 -0.00000000  -0.00000000    -0.00000000   0.00000000     0.02951937   0.00000000
    2    4
  0.00278044   0.00000000    -0.00213349   0.00000000    -0.00000000  -0.00000000
  0.03488483  -0.00000000     0.00278044   0.00000000    -0.00000000  -0.00000000
  0.00000000  -0.00000000    -0.00000000  -0.00000000    -0.00455985   0.00000000
    2    5
 -0.00278044  -0.00000000    -0.00213349   0.00000000     0.00000000   0.00000000
  0.03488483  -0.00000000    -0.00278044   0.00000000    -0.00000000  -0.00000000
  0.00000000   0.00000000     0.00000000  -0.00000000     0.00455985  -0.00000000
    2    6
  0.00278044  -0.00000000    -0.00000000   0.00000000    -0.00213349  -0.00000000
 -0.00000000   0.00000000    -0.00455985  -0.00000000    -0.00000000   0.00000000
  0.03488483   0.00000000    -0.00000000   0.00000000     0.00278044  -0.00000000
    2    7
 -0.00278044  -0.00000000    -0.00000000  -0.00000000    -0.00213349  -0.00000000
 -0.00000000  -0.00000000     0.00455985   0.00000000     0.00000000   0.00000000
  0.03488483   0.00000000    -0.00000000   0.00000000    -0.00278044  -0.00000000
    3    1
 -0.00000000   0.00000000     0.00000000   0.00000000     0.00000000   0.00000000
  0.00000000  -0.00000000    -0.00382871  -0.00000000     0.00000000   0.00000000
 -0.00000000  -0.00000000    -0.00000000  -0.00000000     0.00382871   0.00000000
    3    2
  0.03530424  -0.00000000     0.00000000  -0.00000000     0.00000000   0.00000000
 -0.00000000  -0.00000000     0.02951937  -0.00000000    -0.00000000  -0.00000000
 -0.00000000   0.00000000    -0.00000000  -0.00000000     0.02951937  -0.00000000
    3    3
  0.04921463   0.00000000     0.00000000   0.00000000     0.00000000   0.00000000
  0.00000000   0.00000000     0.04361864   0.00000000     0.00000000   0.00000000
  0.00000000   0.00000000     0.00000000   0.00000000     0.04361864   0.00000000
    3    4
 -0.00278044  -0.00000000    -0.00213349  -0.00000000     0.00000000  -0.00000000
  0.03488483   0.00000000    -0.00278044  -0.00000000     0.00000000   0.00000000
  0.00000000  -0.00000000     0.00000000   0.00000000     0.00455985   0.00000000
    3    5
  0.00278044  -0.00000000    -0.00213349  -0.00000000    -0.00000000   0.00000000
  0.03488483   0.00000000     0.00278044  -0.00000000    -0.00000000   0.00000000
 -0.00000000   0.00000000    -0.00000000   0.00000000    -0.00455985  -0.00000000
    3    6
 -0.00278044   0.00000000     0.00000000   0.00000000    -0.00213349   0.00000000
 -0.00000000   0.00000000     0.00455985  -0.00000000     0.00000000  -0.00000000
  0.03488483  -0.00000000     0.00000000  -0.00000000    -0.00278044   0.00000000
    3    7
  0.00278044   0.00000000    -0.00000000  -0.00000000    -0.00213349   0.00000000
 -0.00000000  -0.00000000    -0.00455985   0.00000000     0.00000000  -0.00000000
  0.03488483  -0.00000000    -0.00000000  -0.00000000     0.00278044   0.00000000
    4    1
 -0.00382871  -0.00000000     0.00000000  -0.00000000    -0.00000000  -0.00000000
  0.00000000   0.00000000     0.00000000   0.00000000    -0.00000000   0.00000000
  0.00000000   0.00000000    -0.00000000  -0.00000000     0.00382871   0.00000000
    4    2
  0.00278044  -0.00000000     0.03488483   0.00000000    -0.00000000   0.00000000
 -0.00213349  -0.00000000     0.00278044  -0.00000000     0.00000000   0.00000000
 -0.00000000   0.00000000     0.00000000   0.00000000    -0.00455985  -0.00000000
    4    3
 -0.00278044   0.00000000     0.03488483  -0.00000000     0.00000000   0.00000000
 -0.00213349   0.00000000    -0.00278044   0.00000000    -0.00000000  -0.00000000
  0.00000000   0.00000000     0.00000000  -0.00000000     0.00455985  -0.00000000
    4    4
  0.04361864   0.00000000     0.00000000   0.00000000    -0.00000000   0.00000000
  0.00000000   0.00000000     0.04921463   0.00000000     0.00000000   0.00000000
 -0.00000000   0.00000000     0.00000000   0.00000000     0.04361864   0.00000000
    4    5
  0.02951937  -0.00000000     0.00000000  -0.00000000     0.00000000  -0.00000000
  0.00000000  -0.00000000     0.03530424  -0.00000000     0.00000000   0.00000000
  0.00000000  -0.00000000     0.00000000   0.00000000     0.02951937  -0.00000000
    4    6
 -0.00455985   0.00000000    -0.00000000  -0.00000000    -0.00000000  -0.00000000
 -0.00000000  -0.00000000     0.00278044   0.00000000    -0.00213349   0.00000000
 -0.00000000  -0.00000000     0.03488483  -0.00000000     0.00278044   0.00000000
    4    7
  0.00455985  -0.00000000    -0.00000000   0.00000000     0.00000000  -0.00000000
  0.00000000   0.00000000    -0.00278044   0.00000000    -0.00213349   0.00000000
 -0.00000000  -0.00000000     0.03488483  -0.00000000    -0.00278044   0.00000000
    5    1
  0.00382871   0.00000000    -0.00000000  -0.00000000     0.00000000   0.00000000
  0.00000000   0.00000000     0.00000000   0.00000000     0.00000000   0.00000000
  0.00000000  -0.00000000     0.00000000  -0.00000000    -0.00382871  -0.00000000
    5    2
 -0.00278044   0.00000000     0.03488483  -0.00000000     0.00000000  -0.00000000
 -0.00213349   0.00000000    -0.00278044  -0.00000000     0.00000000   0.00000000
 -0.00000000  -0.00000000    -0.00000000   0.00000000     0.00455985  -0.00000000
    5    3
  0.00278044   0.00000000     0.03488483  -0.00000000    -0.00000000  -0.00000000
 -0.00213349   0.00000000     0.00278044   0.00000000    -0.00000000  -0.00000000
 -0.00000000  -0.00000000    -0.00000000  -0.00000000    -0.00455985   0.00000000
    5    4
  0.02951937   0.00000000     0.00000000   0.00000000     0.00000000   0.00000000
  0.00000000   0.00000000     0.03530424   0.00000000     0.00000000  -0.00000000
  0.00000000   0.00000000     0.00000000  -0.00000000     0.02951937   0.00000000
    5    5
  0.04361864   0.00000000     0.00000000   0.00000000     0.00000000   0.00000000
  0.00000000   0.00000000     0.04921463   0.00000000    -0.00000000   0.00000000
  0.00000000   0.00000000    -0.00000000   0.00000000     0.04361864   0.00000000
    5    6
  0.00455985   0.00000000    -0.00000000  -0.00000000    -0.00000000   0.00000000
 -0.00000000  -0.00000000    -0.00278044  -0.00000000    -0.00213349  -0.00000000
  0.00000000   0.00000000     0.03488483   0.00000000    -0.00278044  -0.00000000
    5    7
 -0.00455985  -0.00000000    -0.00000000   0.00000000    -0.00000000   0.00000000
 -0.00000000   0.00000000     0.00278044  -0.00000000    -0.00213349  -0.00000000
 -0.00000000   0.00000000     0.03488483   0.00000000     0.00278044  -0.00000000
    6    1
  0.00382871   0.00000000     0.00000000  -0.00000000     0.00000000  -0.00000000
 -0.00000000   0.00000000    -0.00382871  -0.00000000     0.00000000  -0.00000000
  0.00000000   0.00000000     0.00000000   0.00000000    -0.00000000   0.00000000
    6    2
  0.00278044   0.00000000    -0.00000000  -0.00000000     0.03488483  -0.00000000
 -0.00000000  -0.00000000    -0.00455985   0.00000000     0.00000000  -0.00000000
 -0.00213349   0.00000000    -0.00000000  -0.00000000     0.00278044   0.00000000
    6    3
 -0.00278044  -0.00000000    -0.00000000  -0.00000000     0.03488483   0.00000000
  0.00000000  -0.00000000     0.00455985   0.00000000     0.00000000   0.00000000
 -0.00213349  -0.00000000     0.00000000   0.00000000    -0.00278044  -0.00000000
    6    4
 -0.00455985  -0.00000000    -0.00000000   0.00000000    -0.00000000   0.00000000
 -0.00000000   0.00000000     0.00278044  -0.00000000     0.03488483   0.00000000
 -0.00000000   0.00000000    -0.00213349  -0.00000000     0.00278044  -0.00000000
    6    5
  0.00455985  -0.00000000    -0.00000000   0.00000000     0.00000000  -0.00000000
 -0.00000000   0.00000000    -0.00278044   0.00000000     0.03488483  -0.00000000
 -0.00000000  -0.00000000    -0.00213349   0.00000000    -0.00278044   0.00000000
    6    6
  0.04361864   0.00000000     0.00000000   0.00000000    -0.00000000   0.00000000
  0.00000000   0.00000000     0.04361864   0.00000000    -0.00000000   0.00000000
 -0.00000000   0.00000000    -0.00000000   0.00000000     0.04921463   0.00000000
    6    7
  0.02951937  -0.00000000     0.00000000  -0.00000000     0.00000000   0.00000000
  0.00000000  -0.00000000     0.02951937   0.00000000     0.00000000  -0.00000000
  0.00000000   0.00000000    -0.00000000  -0.00000000     0.03530424  -0.00000000
    7    1
 -0.00382871  -0.00000000     0.00000000   0.00000000     0.00000000  -0.00000000
  0.00000000  -0.00000000     0.00382871   0.00000000     0.00000000  -0.00000000
  0.00000000   0.00000000     0.00000000   0.00000000     0.00000000   0.00000000
    7    2
 -0.00278044   0.00000000    -0.00000000   0.00000000     0.03488483  -0.00000000
  0.00000000   0.00000000     0.00455985  -0.00000000     0.00000000  -0.00000000
 -0.00213349   0.00000000     0.00000000  -0.00000000    -0.00278044   0.00000000
    7    3
  0.00278044  -0.00000000    -0.00000000   0.00000000     0.03488483   0.00000000
 -0.00000000   0.00000000    -0.00455985  -0.00000000     0.00000000   0.00000000
 -0.00213349  -0.00000000    -0.00000000   0.00000000     0.00278044  -0.00000000
    7    4
  0.00455985   0.00000000     0.00000000  -0.00000000     0.00000000   0.00000000
 -0.00000000  -0.00000000    -0.00278044  -0.00000000     0.03488483   0.00000000
  0.00000000   0.00000000    -0.00213349  -0.00000000    -0.00278044  -0.00000000
    7    5
 -0.00455985   0.00000000    -0.00000000  -0.00000000    -0.00000000  -0.00000000
 -0.00000000  -0.00000000     0.00278044   0.00000000     0.03488483  -0.00000000
 -0.00000000  -0.00000000    -0.00213349   0.00000000     0.00278044   0.00000000
    7    6
  0.02951937   0.00000000     0.00000000   0.00000000     0.00000000  -0.00000000
  0.00000000  -0.00000000     0.02951937  -0.00000000     0.00000000   0.00000000
  0.00000000  -0.00000000     0.00000000   0.00000000     0.03530424  -0.00000000
    7    7
  0.04361864   0.00000000    -0.00000000   0.00000000    -0.00000000   0.00000000
 -0.00000000   0.00000000     0.04361864   0.00000000     0.00000000   0.00000000
 -0.00000000   0.00000000     0.00000000   0.00000000     0.04921463   0.00000000
